# x,  y
18.000000  341.017560
19.000000  340.335133
20.000000  339.335133
21.000000  338.017560
22.000000  336.794615
23.000000  336.017560
24.000000  335.352692
25.000000  334.482440
26.000000  333.500000
27.000000  332.500000
28.000000  331.500000
29.000000  330.500000
30.000000  329.500000
31.000000  328.500000
32.000000  327.500000
33.000000  326.500000
34.000000  325.500000
35.000000  324.500000
36.000000  323.517560
37.000000  322.647308
38.000000  321.982440
39.000000  321.205385
40.000000  319.982440
41.000000  318.664867
42.000000  317.664867
43.000000  317.000000
44.000000  316.352692
45.000000  315.482440
46.000000  314.500000
47.000000  313.500000
48.000000  312.500000
49.000000  311.500000
50.000000  310.500000
51.000000  309.482440
52.000000  308.370252
53.000000  307.147308
54.000000  306.147308
55.000000  305.370252
56.000000  304.482440
57.000000  303.500000
58.000000  302.500000
59.000000  301.500000
60.000000  300.500000
61.000000  299.500000
62.000000  298.500000
63.000000  297.500000
64.000000  296.500000
65.000000  295.500000
66.000000  294.482440
67.000000  293.352692
68.000000  292.000000
69.000000  290.664867
70.000000  289.664867
71.000000  289.000000
72.000000  288.352692
73.000000  287.464881
74.000000  286.370252
75.000000  285.129748
76.000000  284.000000
77.000000  282.870252
78.000000  281.629748
79.000000  280.535119
80.000000  279.629748
81.000000  278.852692
82.000000  277.852692
83.000000  276.629748
84.000000  275.517560
85.000000  274.500000
86.000000  273.482440
87.000000  272.352692
88.000000  271.000000
89.000000  269.647308
90.000000  268.517560
91.000000  267.482440
92.000000  266.370252
93.000000  265.129748
94.000000  264.000000
95.000000  262.870252
96.000000  261.612189
97.000000  260.387811
98.000000  259.129748
99.000000  258.000000
100.000000  256.870252
101.000000  255.612189
102.000000  254.370252
103.000000  253.000000
104.000000  251.647308
105.000000  250.500000
106.000000  249.352692
107.000000  248.000000
108.000000  246.629748
109.000000  245.352692
110.000000  243.870252
111.000000  242.277056
112.000000  241.017560
113.000000  239.870252
114.000000  238.612189
115.000000  237.370252
116.000000  236.000000
117.000000  234.629748
118.000000  233.370252
119.000000  232.000000
120.000000  230.629748
121.000000  229.370252
122.000000  227.982440
123.000000  226.500000
124.000000  225.017560
125.000000  223.629748
126.000000  222.370252
127.000000  220.982440
128.000000  219.500000
129.000000  218.017560
130.000000  216.629748
131.000000  215.352692
132.000000  213.852692
133.000000  212.129748
134.000000  210.517560
135.000000  209.000000
136.000000  207.500000
137.000000  206.000000
138.000000  204.500000
139.000000  203.000000
140.000000  201.500000
141.000000  200.000000
142.000000  198.482440
143.000000  196.852692
144.000000  195.000000
145.000000  193.147308
146.000000  191.517560
147.000000  190.000000
148.000000  188.482440
149.000000  186.852692
150.000000  184.982440
151.000000  183.017560
152.000000  181.164867
153.000000  179.664867
154.000000  178.517560
155.000000  177.535119
156.000000  176.812175
169.000000  176.664867
170.000000  176.887811
171.000000  177.164867
172.000000  177.812175
173.000000  179.035119
174.000000  180.500000
175.000000  181.982440
176.000000  183.352692
177.000000  184.482440
178.000000  185.517560
179.000000  186.664867
180.000000  188.129748
181.000000  189.722944
182.000000  190.982440
183.000000  192.147308
184.000000  193.517560
185.000000  195.000000
186.000000  196.500000
187.000000  198.000000
188.000000  199.517560
189.000000  201.112189
190.000000  202.722944
191.000000  203.982440
192.000000  205.147308
193.000000  206.535119
194.000000  208.129748
195.000000  209.870252
196.000000  211.482440
197.000000  213.000000
198.000000  214.500000
199.000000  216.000000
200.000000  217.500000
201.000000  218.982440
202.000000  220.370252
203.000000  221.647308
204.000000  223.164867
205.000000  224.982440
206.000000  226.705385
207.000000  227.982440
208.000000  229.129748
209.000000  230.387811
210.000000  231.647308
211.000000  233.129748
212.000000  234.722944
213.000000  235.982440
214.000000  237.129748
215.000000  238.387811
216.000000  239.647308
217.000000  241.164867
218.000000  243.017560
219.000000  244.982440
220.000000  246.852692
221.000000  248.500000
222.000000  250.129748
223.000000  251.852692
224.000000  253.370252
225.000000  254.794615
226.000000  256.647308
227.000000  258.722944
228.000000  260.464881
229.000000  262.017560
230.000000  263.647308
231.000000  265.500000
232.000000  267.370252
233.000000  269.112189
234.000000  270.870252
235.000000  272.482440
236.000000  274.000000
237.000000  275.517560
238.000000  277.147308
239.000000  279.000000
240.000000  280.852692
241.000000  282.500000
242.000000  284.147308
243.000000  286.000000
244.000000  287.852692
245.000000  289.482440
246.000000  291.000000
247.000000  292.517560
248.000000  294.147308
249.000000  296.000000
250.000000  297.852692
251.000000  299.482440
252.000000  301.000000
253.000000  302.517560
254.000000  304.147308
255.000000  306.000000
256.000000  307.852692
257.000000  309.500000
258.000000  311.129748
259.000000  312.887811
260.000000  314.612189
261.000000  316.370252
262.000000  318.017560
263.000000  319.777056
264.000000  321.887811
265.000000  323.964881
266.000000  325.852692
267.000000  327.517560
268.000000  329.312175
269.000000  331.647308
270.000000  334.205385
271.000000  336.335133
272.000000  338.094629
273.000000  339.687825
274.000000  340.722944
275.000000  341.494602
276.000000  343.289217
277.000000  346.535119
278.000000  350.040517
279.000000  352.712216
280.000000  354.298580
