# x,  y
24.000000  363.870252
25.000000  362.852692
26.000000  361.629748
27.000000  360.517560
28.000000  359.500000
29.000000  358.500000
30.000000  357.500000
31.000000  356.500000
32.000000  355.500000
33.000000  354.500000
34.000000  353.500000
35.000000  352.500000
36.000000  351.500000
37.000000  350.500000
38.000000  349.500000
39.000000  348.500000
40.000000  347.500000
41.000000  346.500000
42.000000  345.500000
43.000000  344.500000
44.000000  343.500000
45.000000  342.500000
46.000000  341.500000
47.000000  340.482440
48.000000  339.370252
49.000000  338.147308
50.000000  337.147308
51.000000  336.370252
52.000000  335.482440
53.000000  334.482440
54.000000  333.352692
55.000000  332.000000
56.000000  330.647308
57.000000  329.517560
58.000000  328.500000
59.000000  327.517560
60.000000  326.647308
61.000000  325.982440
62.000000  325.205385
63.000000  323.982440
64.000000  322.647308
65.000000  321.517560
66.000000  320.500000
67.000000  319.500000
68.000000  318.500000
69.000000  317.500000
70.000000  316.500000
71.000000  315.482440
72.000000  314.352692
73.000000  313.017560
74.000000  311.794615
75.000000  311.000000
76.000000  310.205385
77.000000  308.982440
78.000000  307.647308
79.000000  306.517560
80.000000  305.500000
81.000000  304.500000
82.000000  303.500000
83.000000  302.482440
84.000000  301.352692
85.000000  300.000000
86.000000  298.647308
87.000000  297.517560
88.000000  296.482440
89.000000  295.352692
90.000000  294.000000
91.000000  292.647308
92.000000  291.517560
93.000000  290.500000
94.000000  289.482440
95.000000  288.352692
96.000000  287.000000
97.000000  285.647308
98.000000  284.500000
99.000000  283.352692
100.000000  282.000000
101.000000  280.629748
102.000000  279.370252
103.000000  277.982440
104.000000  276.500000
105.000000  275.017560
106.000000  273.629748
107.000000  272.370252
108.000000  271.000000
109.000000  269.629748
110.000000  268.370252
111.000000  267.000000
112.000000  265.629748
113.000000  264.370252
114.000000  262.982440
115.000000  261.500000
116.000000  260.000000
117.000000  258.500000
118.000000  257.000000
119.000000  255.482440
120.000000  253.870252
121.000000  252.129748
122.000000  250.500000
123.000000  248.870252
124.000000  247.129748
125.000000  245.517560
126.000000  244.000000
127.000000  242.482440
128.000000  240.870252
129.000000  239.129748
130.000000  237.500000
131.000000  235.852692
132.000000  233.982440
133.000000  232.017560
134.000000  230.129748
135.000000  228.352692
136.000000  226.370252
137.000000  224.277056
138.000000  222.517560
139.000000  220.852692
140.000000  218.982440
141.000000  217.000000
142.000000  215.000000
143.000000  213.000000
144.000000  211.000000
145.000000  208.982440
146.000000  206.852692
147.000000  204.500000
148.000000  202.129748
149.000000  199.870252
150.000000  197.482440
151.000000  194.982440
152.000000  192.352692
153.000000  189.464881
154.000000  186.370252
155.000000  183.182427
156.000000  180.494602
157.000000  178.864854
158.000000  178.182427
159.000000  178.017560
165.000000  178.035119
166.000000  178.329735
167.000000  179.329735
168.000000  181.035119
169.000000  182.982440
170.000000  184.852692
171.000000  186.482440
172.000000  188.000000
173.000000  189.517560
174.000000  191.129748
175.000000  192.870252
176.000000  194.500000
177.000000  196.129748
178.000000  197.852692
179.000000  199.370252
180.000000  200.759496
181.000000  202.370252
182.000000  203.852692
183.000000  205.129748
184.000000  206.535119
185.000000  208.147308
186.000000  210.000000
187.000000  211.852692
188.000000  213.482440
189.000000  215.000000
190.000000  216.517560
191.000000  218.129748
192.000000  219.870252
193.000000  221.500000
194.000000  223.129748
195.000000  224.852692
196.000000  226.352692
197.000000  227.629748
198.000000  229.017560
199.000000  230.517560
200.000000  232.129748
201.000000  233.870252
202.000000  235.482440
203.000000  236.982440
204.000000  238.352692
205.000000  239.500000
206.000000  240.647308
207.000000  242.017560
208.000000  243.500000
209.000000  245.000000
210.000000  246.517560
211.000000  248.112189
212.000000  249.705385
213.000000  250.870252
214.000000  251.906804
215.000000  253.405371
216.000000  255.000000
217.000000  256.629748
218.000000  258.387811
219.000000  260.112189
220.000000  261.852692
221.000000  263.370252
222.000000  264.777056
223.000000  266.517560
224.000000  268.352692
225.000000  269.982440
226.000000  271.500000
227.000000  273.000000
228.000000  274.517560
229.000000  276.112189
230.000000  277.722944
231.000000  278.982440
232.000000  280.164867
233.000000  281.664867
234.000000  283.464881
235.000000  285.040517
236.000000  285.887811
237.000000  286.736539
238.000000  288.682427
239.000000  291.093196
240.000000  293.077070
241.000000  294.870252
242.000000  296.464881
243.000000  297.852692
244.000000  299.017560
245.000000  300.294615
246.000000  302.000000
247.000000  303.722944
248.000000  305.129748
249.000000  306.612189
250.000000  308.093196
251.000000  309.112189
252.000000  310.164867
253.000000  311.517560
254.000000  312.982440
255.000000  314.370252
256.000000  315.629748
257.000000  317.035119
258.000000  318.664867
259.000000  320.647308
260.000000  322.852692
261.000000  324.835133
262.000000  326.500000
263.000000  328.129748
264.000000  329.870252
265.000000  331.517560
266.000000  333.277056
267.000000  335.370252
268.000000  337.335133
269.000000  338.947321
270.000000  340.187825
271.000000  340.905371
272.000000  341.718979
