# x,  y
61.000000  313.205385
62.000000  311.263461
63.000000  308.294615
64.000000  305.736539
65.000000  304.205385
66.000000  302.228342
67.000000  299.017560
68.000000  295.813608
69.000000  293.516126
70.000000  291.035119
71.000000  288.831168
72.000000  287.610755
73.000000  286.022958
74.000000  283.629748
75.000000  281.294615
76.000000  279.352692
77.000000  277.205385
78.000000  274.594629
79.000000  271.887811
80.000000  269.164867
81.000000  266.759496
82.000000  264.610755
83.000000  262.112189
84.000000  259.647308
85.000000  257.370252
86.000000  255.000000
87.000000  252.664867
88.000000  250.647308
89.000000  248.870252
90.000000  246.982440
91.000000  245.000000
92.000000  242.982440
93.000000  240.870252
94.000000  238.647308
95.000000  236.647308
96.000000  234.852692
97.000000  232.852692
98.000000  230.647308
99.000000  228.682427
100.000000  227.147308
101.000000  225.835133
102.000000  224.222944
103.000000  222.259496
104.000000  220.535119
105.000000  218.982440
106.000000  217.352692
107.000000  215.517560
108.000000  213.777056
109.000000  212.387811
110.000000  210.982440
111.000000  209.500000
112.000000  208.017560
113.000000  206.647308
114.000000  205.517560
115.000000  204.500000
116.000000  203.482440
117.000000  202.352692
118.000000  201.000000
119.000000  199.629748
120.000000  198.370252
121.000000  197.000000
122.000000  195.629748
123.000000  194.370252
124.000000  193.000000
125.000000  191.647308
126.000000  190.517560
127.000000  189.500000
128.000000  188.500000
129.000000  187.500000
130.000000  186.500000
131.000000  185.500000
132.000000  184.500000
133.000000  183.500000
134.000000  182.482440
135.000000  181.352692
136.000000  180.017560
137.000000  178.777056
138.000000  177.887811
139.000000  177.017560
140.000000  176.294615
141.000000  176.052679
142.000000  176.147308
143.000000  176.500000
161.000000  176.870252
162.000000  177.129748
163.000000  177.500000
164.000000  177.870252
165.000000  178.147308
166.000000  178.699986
167.000000  179.812175
168.000000  181.535119
169.000000  183.500000
170.000000  185.500000
171.000000  187.535119
172.000000  189.759496
173.000000  192.222944
174.000000  194.352692
175.000000  196.277056
176.000000  198.517560
177.000000  200.852692
178.000000  203.000000
179.000000  205.147308
180.000000  207.517560
181.000000  210.000000
182.000000  212.500000
183.000000  215.017560
184.000000  217.647308
185.000000  220.500000
186.000000  223.352692
187.000000  226.000000
188.000000  228.647308
189.000000  231.517560
190.000000  234.500000
191.000000  237.500000
192.000000  240.500000
193.000000  243.482440
194.000000  246.370252
195.000000  249.094629
196.000000  251.652706
197.000000  253.428329
198.000000  254.494602
199.000000  256.566273
200.000000  260.405371
201.000000  264.410769
202.000000  267.612189
203.000000  270.829735
204.000000  274.647308
205.000000  278.722944
206.000000  282.464881
207.000000  286.000000
208.000000  289.500000
209.000000  293.017560
210.000000  296.699986
211.000000  300.941923
212.000000  305.870252
213.000000  310.687825
214.000000  314.982440
215.000000  319.112189
216.000000  323.222944
217.000000  326.982440
218.000000  330.629748
219.000000  334.387811
220.000000  338.147308
221.000000  342.147308
222.000000  346.335133
223.000000  350.187825
224.000000  353.482440
225.000000  356.664867
226.000000  360.164867
227.000000  364.017560
228.000000  367.982440
229.000000  371.870252
230.000000  375.647308
231.000000  379.647308
232.000000  383.852692
233.000000  387.817573
234.000000  391.352692
235.000000  394.647308
