# x,  y
54.000000  399.482440
55.000000  397.482440
56.000000  395.370252
57.000000  393.129748
58.000000  391.017560
59.000000  389.000000
60.000000  387.000000
61.000000  385.017560
62.000000  383.129748
63.000000  381.352692
64.000000  379.352692
65.000000  377.129748
66.000000  375.017560
67.000000  373.000000
68.000000  371.000000
69.000000  369.000000
70.000000  367.000000
71.000000  365.000000
72.000000  363.000000
73.000000  361.000000
74.000000  359.000000
75.000000  357.000000
76.000000  354.982440
77.000000  352.870252
78.000000  350.629748
79.000000  348.517560
80.000000  346.517560
81.000000  344.612189
82.000000  342.722944
83.000000  340.482440
84.000000  338.147308
85.000000  336.017560
86.000000  334.000000
87.000000  332.000000
88.000000  330.000000
89.000000  328.000000
90.000000  326.000000
91.000000  323.982440
92.000000  321.852692
93.000000  319.517560
94.000000  317.277056
95.000000  315.370252
96.000000  313.352692
97.000000  311.112189
98.000000  308.870252
99.000000  306.500000
100.000000  304.147308
101.000000  302.017560
102.000000  300.000000
103.000000  297.982440
104.000000  295.852692
105.000000  293.482440
106.000000  291.000000
107.000000  288.517560
108.000000  286.147308
109.000000  284.017560
110.000000  281.982440
111.000000  279.852692
112.000000  277.482440
113.000000  275.000000
114.000000  272.500000
115.000000  270.000000
116.000000  267.517560
117.000000  265.129748
118.000000  262.800014
119.000000  259.945888
120.000000  256.459483
121.000000  253.736539
122.000000  252.128315
123.000000  250.317573
124.000000  248.112189
125.000000  245.852692
126.000000  243.352692
127.000000  240.647308
128.000000  238.147308
129.000000  235.887811
130.000000  233.612189
131.000000  231.352692
132.000000  228.852692
133.000000  226.129748
134.000000  223.535119
135.000000  221.129748
136.000000  218.870252
137.000000  216.482440
138.000000  213.982440
139.000000  211.370252
140.000000  208.629748
141.000000  206.017560
142.000000  203.500000
143.000000  201.000000
144.000000  198.482440
145.000000  195.870252
146.000000  193.129748
147.000000  190.500000
148.000000  187.870252
149.000000  185.129748
150.000000  182.552679
151.000000  180.329735
152.000000  178.829735
153.000000  178.052679
154.000000  177.664867
165.000000  177.647308
166.000000  177.905371
167.000000  178.294615
168.000000  179.182427
169.000000  180.535119
170.000000  182.147308
171.000000  184.000000
172.000000  185.852692
173.000000  187.500000
174.000000  189.129748
175.000000  190.870252
176.000000  192.500000
177.000000  194.147308
178.000000  196.000000
179.000000  197.870252
180.000000  199.647308
181.000000  201.647308
182.000000  203.870252
183.000000  205.982440
184.000000  208.000000
185.000000  209.982440
186.000000  211.870252
187.000000  213.629748
188.000000  215.517560
189.000000  217.517560
190.000000  219.612189
191.000000  221.722944
192.000000  223.464881
193.000000  225.017560
194.000000  226.664867
195.000000  228.629748
196.000000  230.740504
197.000000  232.647308
198.000000  234.759496
199.000000  237.058077
200.000000  238.705385
201.000000  239.924364
202.000000  241.682427
203.000000  243.852692
204.000000  245.817573
205.000000  247.370252
206.000000  248.794615
207.000000  250.647308
208.000000  252.722944
209.000000  254.482440
210.000000  256.147308
211.000000  258.017560
212.000000  260.000000
213.000000  262.000000
214.000000  264.017560
215.000000  266.147308
216.000000  268.500000
217.000000  270.870252
218.000000  273.129748
219.000000  275.500000
220.000000  277.852692
221.000000  280.000000
222.000000  282.129748
223.000000  284.370252
224.000000  286.500000
225.000000  288.629748
226.000000  290.870252
227.000000  292.964881
228.000000  294.870252
229.000000  296.664867
230.000000  298.777056
231.000000  301.222944
232.000000  303.370252
233.000000  305.424364
234.000000  308.017560
235.000000  310.722944
236.000000  313.129748
237.000000  315.647308
238.000000  318.352692
239.000000  320.835133
240.000000  322.964881
241.000000  324.870252
