# x,  y
62.000000  305.089231
63.000000  302.294615
64.000000  299.945888
65.000000  296.947321
66.000000  293.647308
67.000000  290.517560
68.000000  287.394643
69.000000  283.668832
70.000000  278.994602
71.000000  275.308210
72.000000  273.533686
73.000000  271.670265
74.000000  269.224377
75.000000  266.740504
76.000000  263.964881
77.000000  261.000000
78.000000  258.017560
79.000000  255.147308
80.000000  252.517560
81.000000  250.000000
82.000000  247.517560
83.000000  245.147308
84.000000  243.000000
85.000000  240.870252
86.000000  238.629748
87.000000  236.500000
88.000000  234.387811
89.000000  232.277056
90.000000  230.517560
91.000000  228.852692
92.000000  227.000000
93.000000  225.129748
94.000000  223.370252
95.000000  221.517560
96.000000  219.777056
97.000000  218.387811
98.000000  216.982440
99.000000  215.500000
100.000000  214.017560
101.000000  212.629748
102.000000  211.370252
103.000000  210.000000
104.000000  208.629748
105.000000  207.387811
106.000000  206.147308
107.000000  205.147308
108.000000  204.352692
109.000000  203.335133
110.000000  202.017560
111.000000  200.777056
112.000000  199.870252
113.000000  198.852692
114.000000  197.629748
115.000000  196.517560
116.000000  195.500000
117.000000  194.500000
118.000000  193.500000
119.000000  192.500000
120.000000  191.500000
121.000000  190.500000
122.000000  189.500000
123.000000  188.500000
124.000000  187.500000
125.000000  186.500000
126.000000  185.517560
127.000000  184.629748
128.000000  183.870252
129.000000  183.000000
130.000000  182.129748
131.000000  181.370252
132.000000  180.500000
133.000000  179.647308
134.000000  179.000000
135.000000  178.352692
136.000000  177.500000
137.000000  176.664867
138.000000  176.164867
139.000000  176.035119
140.000000  176.147308
141.000000  176.500000
158.000000  176.852692
159.000000  176.982440
160.000000  177.000000
161.000000  177.000000
162.000000  177.000000
163.000000  177.000000
164.000000  177.017560
165.000000  177.147308
166.000000  177.500000
167.000000  177.870252
168.000000  178.147308
169.000000  178.664867
170.000000  179.535119
171.000000  180.647308
172.000000  182.017560
173.000000  183.500000
174.000000  185.000000
175.000000  186.500000
176.000000  188.000000
177.000000  189.500000
178.000000  191.000000
179.000000  192.500000
180.000000  194.000000
181.000000  195.517560
182.000000  197.147308
183.000000  199.000000
184.000000  200.870252
185.000000  202.647308
186.000000  204.629748
187.000000  206.740504
188.000000  208.629748
189.000000  210.647308
190.000000  212.870252
191.000000  214.964881
192.000000  216.870252
193.000000  218.647308
194.000000  220.664867
195.000000  223.035119
196.000000  225.629748
197.000000  228.335133
198.000000  230.722944
199.000000  232.777056
200.000000  235.147308
201.000000  237.740504
202.000000  240.112189
203.000000  242.517560
204.000000  245.000000
205.000000  247.500000
206.000000  250.035119
207.000000  252.777056
208.000000  255.870252
209.000000  258.870252
210.000000  261.812175
211.000000  265.312175
212.000000  269.387811
213.000000  273.500000
214.000000  277.647308
215.000000  282.017560
216.000000  286.500000
217.000000  291.017560
218.000000  295.629748
219.000000  300.352692
220.000000  304.835133
221.000000  308.912202
222.000000  312.586364
223.000000  316.473077
224.000000  322.606790
225.000000  329.744468
226.000000  335.377083
227.000000  340.312175
228.000000  345.612189
229.000000  350.840531
230.000000  354.939056
231.000000  359.044749
232.000000  366.177029
233.000000  374.814706
234.000000  382.378517
