# x,  y
21.000000  354.982440
22.000000  352.852692
23.000000  350.482440
24.000000  348.000000
25.000000  345.517560
26.000000  343.147308
27.000000  341.017560
28.000000  339.000000
29.000000  337.000000
30.000000  334.982440
31.000000  332.852692
32.000000  330.500000
33.000000  328.147308
34.000000  326.017560
35.000000  323.982440
36.000000  321.870252
37.000000  319.629748
38.000000  317.500000
39.000000  315.370252
40.000000  313.129748
41.000000  311.017560
42.000000  309.000000
43.000000  307.000000
44.000000  304.982440
45.000000  302.852692
46.000000  300.517560
47.000000  298.277056
48.000000  296.370252
49.000000  294.352692
50.000000  292.129748
51.000000  290.035119
52.000000  288.129748
53.000000  286.352692
54.000000  284.370252
55.000000  282.277056
56.000000  280.517560
57.000000  278.852692
58.000000  276.982440
59.000000  275.000000
60.000000  273.000000
61.000000  271.000000
62.000000  269.017560
63.000000  267.147308
64.000000  265.500000
65.000000  263.870252
66.000000  262.147308
67.000000  260.647308
68.000000  259.352692
69.000000  257.835133
70.000000  255.982440
71.000000  254.017560
72.000000  252.147308
73.000000  250.517560
74.000000  249.000000
75.000000  247.500000
76.000000  246.017560
77.000000  244.629748
78.000000  243.370252
79.000000  241.982440
80.000000  240.500000
81.000000  239.017560
82.000000  237.629748
83.000000  236.370252
84.000000  234.982440
85.000000  233.500000
86.000000  232.017560
87.000000  230.629748
88.000000  229.370252
89.000000  228.000000
90.000000  226.647308
91.000000  225.517560
92.000000  224.482440
93.000000  223.352692
94.000000  222.000000
95.000000  220.647308
96.000000  219.517560
97.000000  218.500000
98.000000  217.482440
99.000000  216.370252
100.000000  215.129748
101.000000  214.000000
102.000000  212.870252
103.000000  211.629748
104.000000  210.517560
105.000000  209.500000
106.000000  208.500000
107.000000  207.500000
108.000000  206.500000
109.000000  205.500000
110.000000  204.500000
111.000000  203.482440
112.000000  202.352692
113.000000  201.000000
114.000000  199.664867
115.000000  198.664867
116.000000  198.000000
117.000000  197.352692
118.000000  196.482440
119.000000  195.500000
120.000000  194.500000
121.000000  193.500000
122.000000  192.500000
123.000000  191.500000
124.000000  190.500000
125.000000  189.500000
126.000000  188.500000
127.000000  187.500000
128.000000  186.500000
129.000000  185.500000
130.000000  184.500000
131.000000  183.500000
132.000000  182.500000
133.000000  181.500000
134.000000  180.500000
135.000000  179.517560
136.000000  178.647308
137.000000  178.000000
138.000000  177.370252
139.000000  176.647308
140.000000  176.182427
141.000000  176.164867
142.000000  176.500000
167.000000  176.852692
168.000000  177.000000
169.000000  177.182427
170.000000  177.812175
171.000000  179.035119
172.000000  180.500000
173.000000  181.982440
174.000000  183.370252
175.000000  184.647308
176.000000  186.164867
177.000000  188.017560
178.000000  189.982440
179.000000  191.835133
180.000000  193.352692
181.000000  194.647308
182.000000  196.147308
183.000000  197.852692
184.000000  199.352692
185.000000  200.629748
186.000000  202.017560
187.000000  203.500000
188.000000  205.000000
189.000000  206.517560
190.000000  208.129748
191.000000  209.852692
192.000000  211.352692
193.000000  212.629748
194.000000  214.017560
195.000000  215.500000
196.000000  217.000000
197.000000  218.500000
198.000000  219.982440
199.000000  221.370252
200.000000  222.647308
201.000000  224.129748
202.000000  225.722944
203.000000  226.982440
204.000000  228.129748
205.000000  229.387811
206.000000  230.629748
207.000000  232.000000
208.000000  233.370252
209.000000  234.629748
210.000000  236.000000
211.000000  237.370252
212.000000  238.629748
213.000000  240.000000
214.000000  241.370252
215.000000  242.629748
216.000000  244.000000
217.000000  245.370252
218.000000  246.629748
219.000000  248.017560
220.000000  249.500000
221.000000  251.000000
222.000000  252.500000
223.000000  254.000000
224.000000  255.500000
225.000000  256.982440
226.000000  258.370252
227.000000  259.629748
228.000000  261.017560
229.000000  262.500000
230.000000  263.982440
231.000000  265.370252
232.000000  266.629748
233.000000  268.000000
234.000000  269.370252
235.000000  270.629748
236.000000  272.000000
237.000000  273.370252
238.000000  274.629748
239.000000  276.000000
240.000000  277.352692
241.000000  278.500000
242.000000  279.647308
243.000000  281.000000
244.000000  282.370252
245.000000  283.629748
246.000000  285.000000
247.000000  286.370252
248.000000  287.629748
249.000000  289.000000
250.000000  290.352692
251.000000  291.482440
252.000000  292.517560
253.000000  293.647308
254.000000  295.000000
255.000000  296.352692
256.000000  297.482440
257.000000  298.500000
258.000000  299.517560
259.000000  300.647308
260.000000  302.000000
261.000000  303.370252
262.000000  304.647308
263.000000  306.164867
264.000000  307.982440
265.000000  309.705385
266.000000  311.000000
267.000000  312.277056
268.000000  313.887811
269.000000  315.464881
270.000000  316.852692
271.000000  318.000000
272.000000  319.147308
273.000000  320.535119
274.000000  322.112189
