# Each column is one frame
-0.060465 -0.058499 -0.056706 -0.054997 -0.053287 -0.051503 -0.049587 -0.047499 -0.045216 -0.042733 -0.040063 -0.037230 -0.034270 -0.031225 -0.028142 -0.025066 -0.022036 -0.019086 -0.016237 -0.013501 
-0.063902 -0.061935 -0.060142 -0.058433 -0.056723 -0.054939 -0.053023 -0.050935 -0.048653 -0.046171 -0.043501 -0.040668 -0.037708 -0.034664 -0.031581 -0.028504 -0.025475 -0.022524 -0.019675 -0.016939 
-0.067393 -0.065425 -0.063631 -0.061921 -0.060211 -0.058428 -0.056512 -0.054425 -0.052144 -0.049663 -0.046994 -0.044162 -0.041203 -0.038159 -0.035076 -0.032000 -0.028970 -0.026019 -0.023169 -0.020433 
-0.070937 -0.068966 -0.067171 -0.065461 -0.063751 -0.061967 -0.060053 -0.057968 -0.055688 -0.053209 -0.050541 -0.047711 -0.044753 -0.041710 -0.038627 -0.035551 -0.032521 -0.029569 -0.026719 -0.023981 
-0.074532 -0.072559 -0.070761 -0.069050 -0.067340 -0.065557 -0.063645 -0.061561 -0.059283 -0.056806 -0.054141 -0.051313 -0.048356 -0.045314 -0.042233 -0.039156 -0.036126 -0.033173 -0.030322 -0.027583 
-0.078178 -0.076201 -0.074401 -0.072688 -0.070978 -0.069196 -0.067285 -0.065204 -0.062929 -0.060455 -0.057793 -0.054967 -0.052013 -0.048972 -0.045891 -0.042815 -0.039784 -0.036831 -0.033978 -0.031237 
-0.081874 -0.079891 -0.078088 -0.076374 -0.074663 -0.072883 -0.070974 -0.068896 -0.066624 -0.064154 -0.061495 -0.058673 -0.055721 -0.052682 -0.049602 -0.046526 -0.043494 -0.040539 -0.037685 -0.034942 
-0.085617 -0.083630 -0.081823 -0.080106 -0.078395 -0.076616 -0.074710 -0.072635 -0.070367 -0.067901 -0.065247 -0.062427 -0.059478 -0.056442 -0.053363 -0.050287 -0.047254 -0.044298 -0.041442 -0.038697 
-0.089408 -0.087414 -0.085603 -0.083884 -0.082173 -0.080395 -0.078491 -0.076420 -0.074157 -0.071696 -0.069046 -0.066231 -0.063285 -0.060250 -0.057173 -0.054097 -0.051064 -0.048106 -0.045247 -0.042500 
-0.093245 -0.091244 -0.089428 -0.087706 -0.085994 -0.084218 -0.082317 -0.080250 -0.077992 -0.075536 -0.072891 -0.070081 -0.067139 -0.064107 -0.061031 -0.057955 -0.054921 -0.051962 -0.049101 -0.046351 
-0.097126 -0.095118 -0.093296 -0.091572 -0.089859 -0.088084 -0.086187 -0.084125 -0.081872 -0.079421 -0.076782 -0.073977 -0.071039 -0.068010 -0.064936 -0.061860 -0.058825 -0.055864 -0.053000 -0.050247 
-0.101051 -0.099035 -0.097207 -0.095480 -0.093767 -0.091993 -0.090099 -0.088042 -0.085795 -0.083350 -0.080717 -0.077917 -0.074984 -0.071958 -0.068886 -0.065811 -0.062775 -0.059812 -0.056945 -0.054189 
-0.105019 -0.102994 -0.101160 -0.099429 -0.097715 -0.095943 -0.094053 -0.092000 -0.089759 -0.087322 -0.084695 -0.081901 -0.078973 -0.075951 -0.072880 -0.069806 -0.066769 -0.063803 -0.060934 -0.058174 
-0.109029 -0.106994 -0.105153 -0.103418 -0.101703 -0.099933 -0.098046 -0.095999 -0.093765 -0.091334 -0.088715 -0.085927 -0.083004 -0.079985 -0.076917 -0.073843 -0.070805 -0.067838 -0.064965 -0.062201 
-0.113079 -0.111033 -0.109185 -0.107446 -0.105730 -0.103961 -0.102079 -0.100037 -0.097810 -0.095387 -0.092775 -0.089993 -0.087076 -0.084062 -0.080996 -0.077923 -0.074884 -0.071914 -0.069038 -0.066270 
-0.117168 -0.115112 -0.113256 -0.111512 -0.109795 -0.108027 -0.106149 -0.104114 -0.101894 -0.099478 -0.096874 -0.094100 -0.091188 -0.088178 -0.085115 -0.082042 -0.079002 -0.076030 -0.073150 -0.070379 
-0.121296 -0.119228 -0.117364 -0.115615 -0.113896 -0.112131 -0.110256 -0.108227 -0.106014 -0.103607 -0.101011 -0.098244 -0.095339 -0.092333 -0.089273 -0.086201 -0.083160 -0.080186 -0.077302 -0.074527 
-0.125461 -0.123381 -0.121508 -0.119754 -0.118033 -0.116269 -0.114399 -0.112376 -0.110172 -0.107773 -0.105185 -0.102426 -0.099527 -0.096526 -0.093469 -0.090398 -0.087356 -0.084379 -0.081492 -0.078712 
-0.129661 -0.127569 -0.125687 -0.123928 -0.122205 -0.120443 -0.118577 -0.116560 -0.114364 -0.111974 -0.109394 -0.106644 -0.103751 -0.100756 -0.097701 -0.094632 -0.091589 -0.088609 -0.085719 -0.082934 
-0.133897 -0.131792 -0.129901 -0.128135 -0.126411 -0.124649 -0.122788 -0.120778 -0.118590 -0.116209 -0.113638 -0.110896 -0.108011 -0.105021 -0.101969 -0.098901 -0.095858 -0.092875 -0.089981 -0.087191 
-0.138167 -0.136048 -0.134147 -0.132376 -0.130649 -0.128889 -0.127032 -0.125029 -0.122849 -0.120477 -0.117916 -0.115182 -0.112304 -0.109320 -0.106272 -0.103205 -0.100161 -0.097176 -0.094277 -0.091483 
-0.142470 -0.140338 -0.138426 -0.136648 -0.134919 -0.133160 -0.131307 -0.129311 -0.127139 -0.124777 -0.122225 -0.119501 -0.116630 -0.113652 -0.110607 -0.107542 -0.104497 -0.101510 -0.098607 -0.095808 
-0.146805 -0.144658 -0.142736 -0.140951 -0.139219 -0.137461 -0.135613 -0.133623 -0.131460 -0.129108 -0.126566 -0.123850 -0.120988 -0.118015 -0.114975 -0.111911 -0.108866 -0.105875 -0.102969 -0.100165 
-0.151171 -0.149009 -0.147076 -0.145284 -0.143549 -0.141792 -0.139948 -0.137966 -0.135811 -0.133469 -0.130937 -0.128230 -0.125376 -0.122410 -0.119373 -0.116311 -0.113265 -0.110272 -0.107362 -0.104553 
-0.155567 -0.153390 -0.151445 -0.149646 -0.147908 -0.146152 -0.144312 -0.142336 -0.140191 -0.137858 -0.135336 -0.132640 -0.129794 -0.126834 -0.123801 -0.120741 -0.117694 -0.114699 -0.111785 -0.108971 
-0.159992 -0.157800 -0.155843 -0.154037 -0.152295 -0.150539 -0.148703 -0.146735 -0.144598 -0.142275 -0.139764 -0.137077 -0.134239 -0.131286 -0.128258 -0.125199 -0.122153 -0.119155 -0.116237 -0.113418 
-0.164445 -0.162237 -0.160268 -0.158454 -0.156708 -0.154953 -0.153121 -0.151159 -0.149032 -0.146719 -0.144218 -0.141541 -0.138712 -0.135765 -0.132742 -0.129686 -0.126639 -0.123639 -0.120717 -0.117892 
-0.168925 -0.166701 -0.164720 -0.162897 -0.161148 -0.159393 -0.157565 -0.155610 -0.153491 -0.151188 -0.148698 -0.146031 -0.143211 -0.140271 -0.137253 -0.134199 -0.131151 -0.128149 -0.125223 -0.122394 
-0.173432 -0.171191 -0.169197 -0.167366 -0.165613 -0.163858 -0.162033 -0.160084 -0.157975 -0.155682 -0.153203 -0.150546 -0.147735 -0.144802 -0.141789 -0.138737 -0.135690 -0.132685 -0.129755 -0.126921 
-0.177963 -0.175705 -0.173699 -0.171859 -0.170101 -0.168346 -0.166525 -0.164583 -0.162482 -0.160200 -0.157731 -0.155085 -0.152283 -0.149358 -0.146349 -0.143300 -0.140253 -0.137246 -0.134312 -0.131472 
-0.182519 -0.180244 -0.178224 -0.176375 -0.174613 -0.172858 -0.171040 -0.169104 -0.167012 -0.164740 -0.162282 -0.159646 -0.156854 -0.153936 -0.150932 -0.147886 -0.144839 -0.141831 -0.138893 -0.136048 
-0.187098 -0.184806 -0.182773 -0.180915 -0.179148 -0.177391 -0.175577 -0.173648 -0.171564 -0.169303 -0.166855 -0.164230 -0.161447 -0.158536 -0.155538 -0.152495 -0.149448 -0.146438 -0.143496 -0.140647 
-0.191699 -0.189391 -0.187343 -0.185476 -0.183704 -0.181947 -0.180135 -0.178212 -0.176137 -0.173886 -0.171449 -0.168834 -0.166060 -0.163158 -0.160165 -0.157125 -0.154079 -0.151067 -0.148122 -0.145267 
-0.196323 -0.193997 -0.191936 -0.190058 -0.188280 -0.186522 -0.184713 -0.182796 -0.180730 -0.178488 -0.176063 -0.173459 -0.170694 -0.167800 -0.164813 -0.161775 -0.158730 -0.155717 -0.152768 -0.149908 
-0.200967 -0.198623 -0.196548 -0.194661 -0.192877 -0.191117 -0.189311 -0.187400 -0.185342 -0.183110 -0.180696 -0.178102 -0.175347 -0.172461 -0.169480 -0.166446 -0.163401 -0.160386 -0.157434 -0.154570 
-0.205631 -0.203270 -0.201180 -0.199283 -0.197493 -0.195732 -0.193927 -0.192022 -0.189972 -0.187750 -0.185346 -0.182763 -0.180019 -0.177140 -0.174165 -0.171135 -0.168091 -0.165075 -0.162119 -0.159250 
-0.210314 -0.207935 -0.205831 -0.203923 -0.202127 -0.200364 -0.198561 -0.196661 -0.194619 -0.192408 -0.190014 -0.187442 -0.184707 -0.181837 -0.178868 -0.175841 -0.172799 -0.169781 -0.166823 -0.163949 
-0.215016 -0.212619 -0.210500 -0.208582 -0.206779 -0.205014 -0.203213 -0.201318 -0.199283 -0.197082 -0.194699 -0.192137 -0.189412 -0.186550 -0.183588 -0.180564 -0.177524 -0.174505 -0.171544 -0.168665 
-0.219735 -0.217320 -0.215187 -0.213257 -0.211448 -0.209680 -0.207880 -0.205990 -0.203963 -0.201771 -0.199399 -0.196848 -0.194133 -0.191279 -0.188323 -0.185304 -0.182264 -0.179245 -0.176281 -0.173398 
-0.224471 -0.222039 -0.219890 -0.217949 -0.216133 -0.214362 -0.212564 -0.210678 -0.208658 -0.206475 -0.204113 -0.201573 -0.198868 -0.196023 -0.193073 -0.190058 -0.187021 -0.184001 -0.181034 -0.178147 
-0.229223 -0.226773 -0.224609 -0.222657 -0.220834 -0.219059 -0.217262 -0.215380 -0.213368 -0.211194 -0.208842 -0.206312 -0.203617 -0.200781 -0.197837 -0.194827 -0.191791 -0.188771 -0.185801 -0.182910 
-0.233990 -0.231522 -0.229344 -0.227380 -0.225549 -0.223771 -0.221974 -0.220096 -0.218090 -0.215925 -0.213584 -0.211065 -0.208379 -0.205552 -0.202615 -0.199609 -0.196575 -0.193555 -0.190583 -0.187688 
-0.238772 -0.236286 -0.234093 -0.232117 -0.230278 -0.228496 -0.226699 -0.224825 -0.222826 -0.220670 -0.218338 -0.215829 -0.213154 -0.210335 -0.207405 -0.204404 -0.201372 -0.198352 -0.195378 -0.192479 
-0.243567 -0.241064 -0.238856 -0.236868 -0.235021 -0.233235 -0.231437 -0.229567 -0.227574 -0.225426 -0.223104 -0.220605 -0.217940 -0.215130 -0.212207 -0.209211 -0.206182 -0.203161 -0.200185 -0.197283 
-0.248376 -0.245856 -0.243632 -0.241632 -0.239776 -0.237986 -0.236188 -0.234320 -0.232333 -0.230193 -0.227881 -0.225392 -0.222737 -0.219935 -0.217020 -0.214028 -0.211002 -0.207982 -0.205004 -0.202099 
-0.253197 -0.250660 -0.248420 -0.246408 -0.244544 -0.242749 -0.240950 -0.239084 -0.237103 -0.234971 -0.232668 -0.230189 -0.227544 -0.224751 -0.221843 -0.218857 -0.215833 -0.212813 -0.209834 -0.206925 
-0.258031 -0.255476 -0.253221 -0.251196 -0.249323 -0.247523 -0.245722 -0.243859 -0.241883 -0.239758 -0.237465 -0.234996 -0.232360 -0.229577 -0.226676 -0.223695 -0.220674 -0.217655 -0.214675 -0.211763 
-0.262875 -0.260303 -0.258033 -0.255995 -0.254113 -0.252307 -0.250505 -0.248643 -0.246672 -0.244555 -0.242270 -0.239811 -0.237185 -0.234411 -0.231517 -0.228541 -0.225524 -0.222506 -0.219525 -0.216610 
-0.267730 -0.265141 -0.262855 -0.260805 -0.258913 -0.257102 -0.255297 -0.253437 -0.251470 -0.249360 -0.247084 -0.244635 -0.242018 -0.239253 -0.236367 -0.233397 -0.230383 -0.227366 -0.224384 -0.221467 
-0.272595 -0.269989 -0.267688 -0.265625 -0.263723 -0.261906 -0.260099 -0.258240 -0.256277 -0.254173 -0.251906 -0.249466 -0.246859 -0.244102 -0.241224 -0.238259 -0.235249 -0.232234 -0.229251 -0.226332 
-0.277469 -0.274847 -0.272530 -0.270454 -0.268543 -0.266718 -0.264909 -0.263050 -0.261091 -0.258994 -0.256734 -0.254304 -0.251706 -0.248958 -0.246088 -0.243129 -0.240123 -0.237110 -0.234126 -0.231204 
-0.282352 -0.279713 -0.277382 -0.275292 -0.273371 -0.271539 -0.269726 -0.267868 -0.265912 -0.263821 -0.261569 -0.259148 -0.256559 -0.253821 -0.250958 -0.248006 -0.245004 -0.241992 -0.239008 -0.236085 
-0.287243 -0.284588 -0.282242 -0.280139 -0.278207 -0.276368 -0.274552 -0.272693 -0.270740 -0.268654 -0.266410 -0.263997 -0.261418 -0.258688 -0.255834 -0.252888 -0.249890 -0.246880 -0.243897 -0.240972 
-0.292142 -0.289471 -0.287109 -0.284994 -0.283051 -0.281205 -0.279384 -0.277524 -0.275574 -0.273493 -0.271256 -0.268852 -0.266282 -0.263561 -0.260714 -0.257775 -0.254782 -0.251775 -0.248792 -0.245865 
-0.297048 -0.294362 -0.291985 -0.289855 -0.287901 -0.286047 -0.284222 -0.282361 -0.280413 -0.278337 -0.276107 -0.273712 -0.271151 -0.268439 -0.265600 -0.262667 -0.259678 -0.256674 -0.253692 -0.250763 
-0.301960 -0.299259 -0.296867 -0.294724 -0.292759 -0.290897 -0.289066 -0.287204 -0.285257 -0.283186 -0.280963 -0.278575 -0.276023 -0.273320 -0.270489 -0.267563 -0.264579 -0.261578 -0.258596 -0.255667 
-0.306879 -0.304163 -0.301756 -0.299599 -0.297623 -0.295752 -0.293916 -0.292052 -0.290106 -0.288038 -0.285822 -0.283442 -0.280899 -0.278204 -0.275382 -0.272462 -0.269484 -0.266486 -0.263505 -0.260575 
-0.311803 -0.309073 -0.306651 -0.304481 -0.302492 -0.300612 -0.298771 -0.296904 -0.294959 -0.292895 -0.290684 -0.288312 -0.285777 -0.283092 -0.280277 -0.277365 -0.274392 -0.271397 -0.268418 -0.265488 
-0.316732 -0.313988 -0.311552 -0.309367 -0.307367 -0.305478 -0.303630 -0.301760 -0.299815 -0.297754 -0.295549 -0.293184 -0.290658 -0.287981 -0.285175 -0.282270 -0.279302 -0.276311 -0.273334 -0.270403 
-0.321666 -0.318908 -0.316457 -0.314259 -0.312247 -0.310348 -0.308493 -0.306620 -0.304675 -0.302617 -0.300417 -0.298059 -0.295541 -0.292873 -0.290075 -0.287177 -0.284215 -0.281228 -0.278253 -0.275322 
-0.326605 -0.323833 -0.321368 -0.319156 -0.317131 -0.315222 -0.313360 -0.311483 -0.309537 -0.307481 -0.305286 -0.302935 -0.300426 -0.297766 -0.294976 -0.292086 -0.289130 -0.286147 -0.283174 -0.280244 
-0.331547 -0.328762 -0.326282 -0.324056 -0.322019 -0.320100 -0.318230 -0.316348 -0.314402 -0.312348 -0.310157 -0.307813 -0.305311 -0.302660 -0.299879 -0.296996 -0.294046 -0.291068 -0.288097 -0.285168 
-0.336492 -0.333695 -0.331201 -0.328961 -0.326911 -0.324981 -0.323103 -0.321217 -0.319268 -0.317216 -0.315029 -0.312691 -0.310197 -0.307555 -0.304782 -0.301907 -0.298963 -0.295989 -0.293022 -0.290093 
-0.341441 -0.338631 -0.336123 -0.333869 -0.331806 -0.329865 -0.327979 -0.326087 -0.324136 -0.322085 -0.319902 -0.317570 -0.315084 -0.312449 -0.309685 -0.306818 -0.303881 -0.300912 -0.297947 -0.295020 
-0.346391 -0.343570 -0.341049 -0.338781 -0.336704 -0.334752 -0.332857 -0.330959 -0.329006 -0.326955 -0.324775 -0.322449 -0.319970 -0.317344 -0.314588 -0.311728 -0.308799 -0.305835 -0.302874 -0.299948 
-0.351345 -0.348511 -0.345977 -0.343695 -0.341605 -0.339641 -0.337737 -0.335832 -0.333876 -0.331825 -0.329648 -0.327327 -0.324855 -0.322238 -0.319490 -0.316639 -0.313716 -0.310758 -0.307800 -0.304876 
-0.356300 -0.353455 -0.350908 -0.348612 -0.346508 -0.344531 -0.342618 -0.340707 -0.338747 -0.336695 -0.334521 -0.332205 -0.329740 -0.327131 -0.324392 -0.321548 -0.318633 -0.315680 -0.312727 -0.309804 
-0.361256 -0.358401 -0.355841 -0.353530 -0.351413 -0.349424 -0.347500 -0.345582 -0.343617 -0.341565 -0.339393 -0.337082 -0.334624 -0.332022 -0.329292 -0.326457 -0.323549 -0.320602 -0.317653 -0.314733 
-0.366214 -0.363349 -0.360775 -0.358451 -0.356320 -0.354318 -0.352383 -0.350457 -0.348488 -0.346434 -0.344264 -0.341958 -0.339506 -0.336912 -0.334190 -0.331364 -0.328463 -0.325523 -0.322578 -0.319661 
-0.371172 -0.368298 -0.365711 -0.363373 -0.361228 -0.359213 -0.357267 -0.355333 -0.353359 -0.351303 -0.349134 -0.346832 -0.344386 -0.341800 -0.339087 -0.336269 -0.333376 -0.330442 -0.327502 -0.324588 
-0.376131 -0.373247 -0.370649 -0.368297 -0.366137 -0.364109 -0.362151 -0.360208 -0.358228 -0.356170 -0.354002 -0.351703 -0.349264 -0.346686 -0.343981 -0.341172 -0.338287 -0.335360 -0.332425 -0.329514 
-0.381090 -0.378198 -0.375587 -0.373221 -0.371046 -0.369005 -0.367036 -0.365083 -0.363097 -0.361036 -0.358869 -0.356573 -0.354140 -0.351569 -0.348873 -0.346072 -0.343195 -0.340275 -0.337346 -0.334438 
-0.386049 -0.383148 -0.380526 -0.378146 -0.375957 -0.373901 -0.371920 -0.369957 -0.367965 -0.365901 -0.363733 -0.361441 -0.359013 -0.356449 -0.353762 -0.350970 -0.348101 -0.345189 -0.342265 -0.339361 
-0.391007 -0.388099 -0.385466 -0.383071 -0.380868 -0.378797 -0.376803 -0.374831 -0.372831 -0.370763 -0.368595 -0.366305 -0.363882 -0.361327 -0.358647 -0.355865 -0.353005 -0.350099 -0.347181 -0.344282 
-0.395965 -0.393050 -0.390405 -0.387997 -0.385778 -0.383693 -0.381686 -0.379703 -0.377695 -0.375623 -0.373454 -0.371167 -0.368749 -0.366200 -0.363530 -0.360756 -0.357905 -0.355007 -0.352096 -0.349200 
-0.400922 -0.398000 -0.395345 -0.392923 -0.390689 -0.388589 -0.386568 -0.384573 -0.382558 -0.380481 -0.378310 -0.376025 -0.373612 -0.371071 -0.368409 -0.365644 -0.362802 -0.359912 -0.357007 -0.354116 
-0.405878 -0.402950 -0.400284 -0.397848 -0.395599 -0.393484 -0.391449 -0.389443 -0.387418 -0.385336 -0.383164 -0.380880 -0.378472 -0.375937 -0.373284 -0.370528 -0.367695 -0.364814 -0.361915 -0.359029 
-0.410832 -0.407899 -0.405222 -0.402773 -0.400508 -0.398378 -0.396328 -0.394310 -0.392276 -0.390188 -0.388014 -0.385731 -0.383328 -0.380800 -0.378155 -0.375408 -0.372585 -0.369712 -0.366820 -0.363940 
-0.415785 -0.412847 -0.410160 -0.407697 -0.405417 -0.403270 -0.401206 -0.399175 -0.397132 -0.395037 -0.392860 -0.390579 -0.388179 -0.385658 -0.383021 -0.380285 -0.377470 -0.374606 -0.371722 -0.368847 
-0.420736 -0.417793 -0.415097 -0.412620 -0.410325 -0.408162 -0.406083 -0.404038 -0.401984 -0.399883 -0.397703 -0.395423 -0.393027 -0.390512 -0.387884 -0.385156 -0.382351 -0.379496 -0.376620 -0.373751 
-0.425685 -0.422738 -0.420032 -0.417542 -0.415231 -0.413052 -0.410957 -0.408899 -0.406834 -0.404726 -0.402543 -0.400262 -0.397870 -0.395361 -0.392741 -0.390023 -0.387228 -0.384383 -0.381514 -0.378651 
-0.430631 -0.427682 -0.424966 -0.422463 -0.420136 -0.417940 -0.415829 -0.413757 -0.411681 -0.409565 -0.407378 -0.405097 -0.402708 -0.400206 -0.397594 -0.394886 -0.392101 -0.389264 -0.386404 -0.383548 
-0.435576 -0.432623 -0.429899 -0.427383 -0.425039 -0.422827 -0.420699 -0.418612 -0.416525 -0.414400 -0.412209 -0.409928 -0.407542 -0.405046 -0.402442 -0.399744 -0.396969 -0.394142 -0.391290 -0.388440 
-0.440517 -0.437563 -0.434830 -0.432300 -0.429941 -0.427711 -0.425567 -0.423465 -0.421365 -0.419232 -0.417036 -0.414754 -0.412370 -0.409880 -0.407285 -0.404596 -0.401832 -0.399015 -0.396172 -0.393329 
-0.445456 -0.442500 -0.439759 -0.437216 -0.434841 -0.432594 -0.430432 -0.428315 -0.426202 -0.424060 -0.421858 -0.419575 -0.417194 -0.414710 -0.412123 -0.409444 -0.406689 -0.403883 -0.401049 -0.398213 
-0.450392 -0.447435 -0.444686 -0.442130 -0.439739 -0.437474 -0.435295 -0.433161 -0.431035 -0.428883 -0.426676 -0.424391 -0.422013 -0.419534 -0.416955 -0.414286 -0.411542 -0.408746 -0.405921 -0.403093 
-0.455325 -0.452367 -0.449611 -0.447042 -0.444635 -0.442351 -0.440154 -0.438004 -0.435865 -0.433703 -0.431489 -0.429202 -0.426826 -0.424353 -0.421782 -0.419123 -0.416390 -0.413604 -0.410788 -0.407968 
-0.460255 -0.457297 -0.454533 -0.451952 -0.449528 -0.447227 -0.445011 -0.442844 -0.440691 -0.438518 -0.436298 -0.434009 -0.431634 -0.429166 -0.426603 -0.423954 -0.421232 -0.418456 -0.415651 -0.412839 
-0.465181 -0.462224 -0.459453 -0.456860 -0.454419 -0.452099 -0.449865 -0.447681 -0.445513 -0.443329 -0.441102 -0.438810 -0.436436 -0.433973 -0.431419 -0.428779 -0.426068 -0.423304 -0.420509 -0.417705 
-0.470104 -0.467148 -0.464371 -0.461765 -0.459308 -0.456969 -0.454716 -0.452514 -0.450331 -0.448135 -0.445901 -0.443605 -0.441233 -0.438775 -0.436229 -0.433599 -0.430899 -0.428146 -0.425361 -0.422566 
-0.475023 -0.472069 -0.469286 -0.466668 -0.464194 -0.461836 -0.459564 -0.457344 -0.455144 -0.452937 -0.450694 -0.448396 -0.446025 -0.443571 -0.441033 -0.438413 -0.435725 -0.432983 -0.430209 -0.427423 
-0.479939 -0.476986 -0.474198 -0.471568 -0.469077 -0.466700 -0.464408 -0.462169 -0.459954 -0.457734 -0.455483 -0.453181 -0.450810 -0.448361 -0.445831 -0.443221 -0.440544 -0.437814 -0.435051 -0.432274 
-0.484850 -0.481901 -0.479107 -0.476465 -0.473958 -0.471562 -0.469249 -0.466991 -0.464759 -0.462526 -0.460267 -0.457960 -0.455590 -0.453146 -0.450623 -0.448024 -0.445358 -0.442640 -0.439887 -0.437120 
-0.489758 -0.486813 -0.484014 -0.481360 -0.478835 -0.476420 -0.474087 -0.471810 -0.469561 -0.467314 -0.465045 -0.462734 -0.460364 -0.457924 -0.455409 -0.452820 -0.450166 -0.447460 -0.444718 -0.441961 
-0.494662 -0.491720 -0.488917 -0.486251 -0.483710 -0.481275 -0.478921 -0.476624 -0.474357 -0.472097 -0.469819 -0.467503 -0.465132 -0.462696 -0.460189 -0.457610 -0.454968 -0.452274 -0.449544 -0.446797 
-0.499562 -0.496625 -0.493817 -0.491140 -0.488582 -0.486126 -0.483752 -0.481434 -0.479150 -0.476875 -0.474587 -0.472265 -0.469895 -0.467462 -0.464962 -0.462394 -0.459764 -0.457082 -0.454364 -0.451627 
-0.504458 -0.501526 -0.498714 -0.496025 -0.493451 -0.490975 -0.488579 -0.486241 -0.483938 -0.481648 -0.479349 -0.477022 -0.474651 -0.472222 -0.469730 -0.467172 -0.464553 -0.461885 -0.459179 -0.456452 
-0.509349 -0.506423 -0.503608 -0.500908 -0.498316 -0.495820 -0.493402 -0.491043 -0.488721 -0.486416 -0.484107 -0.481774 -0.479401 -0.476976 -0.474491 -0.471944 -0.469337 -0.466681 -0.463988 -0.461272 
-0.514237 -0.511317 -0.508499 -0.505787 -0.503179 -0.500662 -0.498222 -0.495841 -0.493500 -0.491179 -0.488859 -0.486520 -0.484146 -0.481724 -0.479246 -0.476709 -0.474115 -0.471472 -0.468791 -0.466086 
-0.519120 -0.516207 -0.513386 -0.510664 -0.508038 -0.505500 -0.503038 -0.500635 -0.498274 -0.495937 -0.493605 -0.491259 -0.488884 -0.486466 -0.483995 -0.481468 -0.478887 -0.476256 -0.473588 -0.470895 
-0.523998 -0.521093 -0.518269 -0.515536 -0.512894 -0.510335 -0.507850 -0.505425 -0.503044 -0.500691 -0.498346 -0.495994 -0.493616 -0.491201 -0.488738 -0.486221 -0.483652 -0.481035 -0.478380 -0.475698 
-0.528873 -0.525975 -0.523150 -0.520406 -0.517747 -0.515167 -0.512659 -0.510211 -0.507810 -0.505439 -0.503082 -0.500722 -0.498343 -0.495930 -0.493474 -0.490968 -0.488411 -0.485808 -0.483166 -0.480496 
-0.533742 -0.530854 -0.528026 -0.525272 -0.522596 -0.519995 -0.517464 -0.514993 -0.512570 -0.510182 -0.507813 -0.505445 -0.503063 -0.500653 -0.498204 -0.495708 -0.493164 -0.490575 -0.487946 -0.485288 
-0.538608 -0.535728 -0.532900 -0.530135 -0.527442 -0.524819 -0.522264 -0.519770 -0.517326 -0.514920 -0.512538 -0.510162 -0.507778 -0.505370 -0.502928 -0.500443 -0.497911 -0.495336 -0.492721 -0.490075 
-0.543469 -0.540599 -0.537769 -0.534995 -0.532284 -0.529640 -0.527062 -0.524544 -0.522078 -0.519654 -0.517257 -0.514873 -0.512486 -0.510081 -0.507645 -0.505171 -0.502652 -0.500090 -0.497489 -0.494856 
-0.548325 -0.545466 -0.542636 -0.539851 -0.537123 -0.534458 -0.531855 -0.529313 -0.526825 -0.524382 -0.521971 -0.519579 -0.517188 -0.514785 -0.512357 -0.509892 -0.507387 -0.504839 -0.502252 -0.499632 
-0.553177 -0.550329 -0.547498 -0.544704 -0.541959 -0.539271 -0.536644 -0.534078 -0.531567 -0.529105 -0.526680 -0.524279 -0.521885 -0.519484 -0.517062 -0.514608 -0.512116 -0.509582 -0.507009 -0.504402 
-0.558025 -0.555187 -0.552357 -0.549553 -0.546791 -0.544082 -0.541430 -0.538838 -0.536305 -0.533824 -0.531384 -0.528973 -0.526575 -0.524176 -0.521761 -0.519317 -0.516838 -0.514319 -0.511761 -0.509166 
-0.562868 -0.560042 -0.557212 -0.554399 -0.551620 -0.548888 -0.546212 -0.543595 -0.541038 -0.538537 -0.536082 -0.533661 -0.531260 -0.528862 -0.526453 -0.524021 -0.521555 -0.519050 -0.516506 -0.513926 
-0.567706 -0.564893 -0.562064 -0.559242 -0.556446 -0.553691 -0.550990 -0.548348 -0.545767 -0.543245 -0.540775 -0.538344 -0.535939 -0.533543 -0.531140 -0.528718 -0.526265 -0.523776 -0.521246 -0.518679 
-0.572540 -0.569740 -0.566912 -0.564081 -0.561268 -0.558491 -0.555764 -0.553096 -0.550491 -0.547949 -0.545463 -0.543022 -0.540612 -0.538217 -0.535821 -0.533409 -0.530970 -0.528495 -0.525981 -0.523427 
-0.577369 -0.574583 -0.571756 -0.568916 -0.566086 -0.563287 -0.560534 -0.557840 -0.555211 -0.552648 -0.550145 -0.547694 -0.545279 -0.542885 -0.540495 -0.538094 -0.535668 -0.533209 -0.530710 -0.528170 
-0.582194 -0.579422 -0.576597 -0.573748 -0.570902 -0.568079 -0.565301 -0.562580 -0.559926 -0.557342 -0.554823 -0.552360 -0.549941 -0.547548 -0.545164 -0.542773 -0.540361 -0.537916 -0.535433 -0.532908 
-0.587015 -0.584257 -0.581434 -0.578577 -0.575713 -0.572868 -0.570064 -0.567316 -0.564637 -0.562031 -0.559495 -0.557021 -0.554597 -0.552204 -0.549827 -0.547447 -0.545048 -0.542618 -0.540150 -0.537640 
-0.591831 -0.589088 -0.586268 -0.583403 -0.580522 -0.577654 -0.574823 -0.572048 -0.569344 -0.566716 -0.564162 -0.561677 -0.559247 -0.556855 -0.554484 -0.552114 -0.549729 -0.547315 -0.544862 -0.542367 
-0.596643 -0.593915 -0.591098 -0.588224 -0.585327 -0.582436 -0.579578 -0.576777 -0.574046 -0.571395 -0.568825 -0.566327 -0.563892 -0.561500 -0.559135 -0.556775 -0.554404 -0.552006 -0.549569 -0.547088 
-0.601450 -0.598738 -0.595925 -0.593043 -0.590128 -0.587214 -0.584330 -0.581501 -0.578744 -0.576071 -0.573482 -0.570972 -0.568531 -0.566140 -0.563780 -0.561431 -0.559074 -0.556691 -0.554270 -0.551805 
-0.606253 -0.603558 -0.600748 -0.597858 -0.594927 -0.591989 -0.589078 -0.586221 -0.583438 -0.580741 -0.578134 -0.575612 -0.573165 -0.570774 -0.568420 -0.566081 -0.563738 -0.561371 -0.558966 -0.556516 
-0.611051 -0.608373 -0.605567 -0.602670 -0.599722 -0.596761 -0.593823 -0.590937 -0.588128 -0.585407 -0.582782 -0.580247 -0.577793 -0.575402 -0.573054 -0.570726 -0.568396 -0.566045 -0.563657 -0.561222 
-0.615845 -0.613185 -0.610383 -0.607479 -0.604514 -0.601529 -0.598564 -0.595650 -0.592813 -0.590069 -0.587424 -0.584877 -0.582416 -0.580025 -0.577683 -0.575365 -0.573049 -0.570714 -0.568343 -0.565923 
-0.620635 -0.617993 -0.615196 -0.612284 -0.609302 -0.606294 -0.603301 -0.600359 -0.597494 -0.594726 -0.592062 -0.589502 -0.587034 -0.584643 -0.582306 -0.579998 -0.577696 -0.575377 -0.573023 -0.570619 
-0.625421 -0.622797 -0.620005 -0.617086 -0.614087 -0.611056 -0.608035 -0.605064 -0.602172 -0.599379 -0.596696 -0.594122 -0.591647 -0.589255 -0.586923 -0.584626 -0.582339 -0.580036 -0.577698 -0.575310 
-0.630203 -0.627597 -0.624810 -0.621885 -0.618870 -0.615814 -0.612766 -0.609765 -0.606845 -0.604028 -0.601325 -0.598737 -0.596255 -0.593862 -0.591536 -0.589249 -0.586975 -0.584689 -0.582368 -0.579997 
-0.634980 -0.632394 -0.629613 -0.626681 -0.623649 -0.620569 -0.617493 -0.614463 -0.611514 -0.608672 -0.605949 -0.603347 -0.600858 -0.598464 -0.596143 -0.593867 -0.591607 -0.589337 -0.587034 -0.584678 
-0.639754 -0.637187 -0.634412 -0.631473 -0.628425 -0.625322 -0.622217 -0.619157 -0.616180 -0.613312 -0.610569 -0.607953 -0.605456 -0.603061 -0.600745 -0.598479 -0.596234 -0.593980 -0.591694 -0.589355 
-0.644523 -0.641977 -0.639208 -0.636263 -0.633198 -0.630071 -0.626937 -0.623848 -0.620842 -0.617948 -0.615184 -0.612554 -0.610049 -0.607653 -0.605342 -0.603086 -0.600855 -0.598619 -0.596350 -0.594027 
-0.649289 -0.646763 -0.644000 -0.641049 -0.637968 -0.634816 -0.631655 -0.628535 -0.625500 -0.622581 -0.619796 -0.617150 -0.614637 -0.612240 -0.609934 -0.607689 -0.605472 -0.603252 -0.601000 -0.598695 
-0.654050 -0.651546 -0.648790 -0.645833 -0.642735 -0.639559 -0.636369 -0.633219 -0.630154 -0.627209 -0.624403 -0.621742 -0.619221 -0.616822 -0.614521 -0.612286 -0.610084 -0.607880 -0.605647 -0.603358 
-0.658808 -0.656325 -0.653576 -0.650613 -0.647499 -0.644299 -0.641080 -0.637899 -0.634805 -0.631833 -0.629005 -0.626330 -0.623800 -0.621400 -0.619104 -0.616879 -0.614691 -0.612504 -0.610288 -0.608017 
-0.663562 -0.661101 -0.658359 -0.655391 -0.652260 -0.649036 -0.645788 -0.642576 -0.639452 -0.636454 -0.633604 -0.630913 -0.628375 -0.625973 -0.623681 -0.621467 -0.619293 -0.617124 -0.614926 -0.612671 
-0.668313 -0.665874 -0.663140 -0.660165 -0.657018 -0.653770 -0.650493 -0.647250 -0.644096 -0.641071 -0.638199 -0.635492 -0.632945 -0.630541 -0.628255 -0.626050 -0.623891 -0.621738 -0.619558 -0.617321 
-0.673059 -0.670643 -0.667917 -0.664937 -0.661774 -0.658502 -0.655195 -0.651921 -0.648736 -0.645684 -0.642790 -0.640067 -0.637511 -0.635105 -0.632823 -0.630629 -0.628484 -0.626349 -0.624187 -0.621967 
-0.677802 -0.675409 -0.672691 -0.669707 -0.666527 -0.663230 -0.659894 -0.656589 -0.653374 -0.650293 -0.647377 -0.644638 -0.642073 -0.639665 -0.637387 -0.635203 -0.633073 -0.630955 -0.628811 -0.626609 
-0.682542 -0.680172 -0.677463 -0.674473 -0.671277 -0.667956 -0.664590 -0.661254 -0.658007 -0.654900 -0.651961 -0.649205 -0.646631 -0.644221 -0.641947 -0.639773 -0.637657 -0.635557 -0.633431 -0.631247 
-0.687278 -0.684932 -0.682231 -0.679237 -0.676025 -0.672679 -0.669284 -0.665915 -0.662638 -0.659502 -0.656541 -0.653768 -0.651184 -0.648772 -0.646503 -0.644339 -0.642238 -0.640154 -0.638047 -0.635881 
-0.692011 -0.689689 -0.686997 -0.683998 -0.680770 -0.677400 -0.673975 -0.670574 -0.667266 -0.664102 -0.661117 -0.658328 -0.655734 -0.653319 -0.651054 -0.648901 -0.646814 -0.644748 -0.642660 -0.640511 
-0.696740 -0.694443 -0.691761 -0.688757 -0.685513 -0.682118 -0.678663 -0.675230 -0.671890 -0.668698 -0.665690 -0.662884 -0.660280 -0.657862 -0.655602 -0.653458 -0.651386 -0.649338 -0.647268 -0.645138 
-0.701467 -0.699194 -0.696521 -0.693513 -0.690253 -0.686834 -0.683349 -0.679884 -0.676512 -0.673291 -0.670259 -0.667436 -0.664822 -0.662402 -0.660145 -0.658012 -0.655954 -0.653923 -0.651872 -0.649761 
-0.706190 -0.703942 -0.701279 -0.698267 -0.694991 -0.691547 -0.688032 -0.684534 -0.681131 -0.677881 -0.674825 -0.671985 -0.669361 -0.666937 -0.664685 -0.662561 -0.660518 -0.658505 -0.656473 -0.654380 
-0.710910 -0.708688 -0.706035 -0.703018 -0.699726 -0.696258 -0.692712 -0.689182 -0.685747 -0.682468 -0.679388 -0.676530 -0.673895 -0.671469 -0.669221 -0.667107 -0.665079 -0.663084 -0.661070 -0.658995 
-0.715627 -0.713430 -0.710788 -0.707767 -0.704459 -0.700966 -0.697390 -0.693828 -0.690360 -0.687052 -0.683948 -0.681072 -0.678427 -0.675998 -0.673753 -0.671650 -0.669636 -0.667658 -0.665664 -0.663608 
-0.720341 -0.718171 -0.715538 -0.712514 -0.709190 -0.705673 -0.702066 -0.698471 -0.694970 -0.691633 -0.688505 -0.685611 -0.682955 -0.680523 -0.678282 -0.676188 -0.674189 -0.672229 -0.670254 -0.668217 
-0.725052 -0.722908 -0.720287 -0.717259 -0.713919 -0.710377 -0.706740 -0.703111 -0.699578 -0.696211 -0.693058 -0.690146 -0.687480 -0.685044 -0.682807 -0.680723 -0.678739 -0.676797 -0.674841 -0.672823 
-0.729760 -0.727643 -0.725033 -0.722001 -0.718646 -0.715079 -0.711411 -0.707749 -0.704184 -0.700787 -0.697609 -0.694679 -0.692002 -0.689562 -0.687329 -0.685255 -0.683286 -0.681362 -0.679425 -0.677425 
-0.734466 -0.732376 -0.729777 -0.726742 -0.723371 -0.719779 -0.716081 -0.712385 -0.708787 -0.705360 -0.702157 -0.699209 -0.696520 -0.694078 -0.691848 -0.689784 -0.687829 -0.685923 -0.684006 -0.682025 
-0.739169 -0.737106 -0.734518 -0.731480 -0.728094 -0.724477 -0.720748 -0.717019 -0.713388 -0.709931 -0.706703 -0.703736 -0.701036 -0.698590 -0.696363 -0.694309 -0.692369 -0.690481 -0.688583 -0.686622 
-0.743870 -0.741834 -0.739258 -0.736216 -0.732815 -0.729173 -0.725413 -0.721651 -0.717986 -0.714499 -0.711246 -0.708260 -0.705549 -0.703098 -0.700876 -0.698832 -0.696907 -0.695036 -0.693158 -0.691215 
-0.748568 -0.746560 -0.743996 -0.740951 -0.737534 -0.733867 -0.730076 -0.726280 -0.722582 -0.719064 -0.715786 -0.712781 -0.710058 -0.707605 -0.705385 -0.703351 -0.701441 -0.699589 -0.697730 -0.695806 
-0.753263 -0.751284 -0.748731 -0.745684 -0.742251 -0.738559 -0.734738 -0.730908 -0.727176 -0.723628 -0.720324 -0.717300 -0.714566 -0.712108 -0.709892 -0.707867 -0.705972 -0.704138 -0.702299 -0.700395 
-0.757956 -0.756006 -0.753465 -0.750415 -0.746967 -0.743250 -0.739397 -0.735533 -0.731768 -0.728189 -0.724859 -0.721816 -0.719070 -0.716608 -0.714396 -0.712381 -0.710500 -0.708685 -0.706865 -0.704980 
-0.762647 -0.760725 -0.758197 -0.755144 -0.751680 -0.747939 -0.744055 -0.740157 -0.736358 -0.732748 -0.729392 -0.726330 -0.723572 -0.721106 -0.718897 -0.716892 -0.715026 -0.713229 -0.711429 -0.709564 
-0.767336 -0.765443 -0.762927 -0.759871 -0.756393 -0.752626 -0.748711 -0.744779 -0.740946 -0.737305 -0.733923 -0.730841 -0.728072 -0.725602 -0.723396 -0.721400 -0.719549 -0.717770 -0.715990 -0.714144 
-0.772023 -0.770158 -0.767655 -0.764597 -0.761103 -0.757312 -0.753365 -0.749399 -0.745532 -0.741860 -0.738452 -0.735351 -0.732569 -0.730095 -0.727892 -0.725906 -0.724070 -0.722309 -0.720549 -0.718723 
-0.776708 -0.774872 -0.772382 -0.769321 -0.765812 -0.761996 -0.758018 -0.754018 -0.750116 -0.746413 -0.742979 -0.739858 -0.737064 -0.734585 -0.732386 -0.730410 -0.728588 -0.726845 -0.725106 -0.723299 
-0.781390 -0.779585 -0.777107 -0.774044 -0.770520 -0.766679 -0.762669 -0.758635 -0.754699 -0.750964 -0.747504 -0.744363 -0.741557 -0.739073 -0.736877 -0.734911 -0.733104 -0.731380 -0.729660 -0.727873 
-0.786071 -0.784295 -0.781831 -0.778766 -0.775226 -0.771360 -0.767319 -0.763250 -0.759280 -0.755513 -0.752026 -0.748866 -0.746047 -0.743560 -0.741366 -0.739409 -0.737618 -0.735912 -0.734212 -0.732445 
-0.790750 -0.789004 -0.786553 -0.783486 -0.779931 -0.776040 -0.771968 -0.767864 -0.763859 -0.760061 -0.756548 -0.753367 -0.750536 -0.748044 -0.745853 -0.743906 -0.742129 -0.740442 -0.738762 -0.737015 
-0.795427 -0.793711 -0.791274 -0.788204 -0.784635 -0.780718 -0.776615 -0.772476 -0.768437 -0.764607 -0.761067 -0.757866 -0.755022 -0.752526 -0.750338 -0.748401 -0.746639 -0.744970 -0.743310 -0.741583 
-0.800103 -0.798417 -0.795993 -0.792922 -0.789337 -0.785396 -0.781261 -0.777087 -0.773013 -0.769152 -0.765584 -0.762363 -0.759507 -0.757006 -0.754821 -0.752893 -0.751146 -0.749496 -0.747856 -0.746149 
-0.804777 -0.803121 -0.800711 -0.797638 -0.794038 -0.790072 -0.785905 -0.781697 -0.777588 -0.773695 -0.770101 -0.766859 -0.763990 -0.761484 -0.759302 -0.757384 -0.755652 -0.754020 -0.752400 -0.750713 
-0.809449 -0.807824 -0.805428 -0.802353 -0.798739 -0.794747 -0.790549 -0.786306 -0.782162 -0.778236 -0.774615 -0.771353 -0.768472 -0.765961 -0.763782 -0.761873 -0.760156 -0.758542 -0.756943 -0.755276 
-0.814120 -0.812526 -0.810143 -0.807067 -0.803438 -0.799421 -0.795191 -0.790913 -0.786735 -0.782776 -0.779128 -0.775846 -0.772951 -0.770436 -0.768259 -0.766360 -0.764658 -0.763063 -0.761484 -0.759837 
-0.818790 -0.817226 -0.814858 -0.811780 -0.808136 -0.804094 -0.799832 -0.795519 -0.791306 -0.787315 -0.783640 -0.780337 -0.777430 -0.774909 -0.772735 -0.770846 -0.769158 -0.767582 -0.766023 -0.764397 
-0.823458 -0.821925 -0.819571 -0.816492 -0.812833 -0.808766 -0.804472 -0.800124 -0.795876 -0.791853 -0.788150 -0.784827 -0.781906 -0.779381 -0.777210 -0.775329 -0.773657 -0.772099 -0.770561 -0.768955 
-0.828125 -0.826624 -0.824284 -0.821203 -0.817529 -0.813437 -0.809111 -0.804728 -0.800445 -0.796390 -0.792659 -0.789315 -0.786382 -0.783851 -0.781683 -0.779812 -0.778154 -0.776615 -0.775097 -0.773511 
-0.832790 -0.831321 -0.828995 -0.825913 -0.822224 -0.818107 -0.813750 -0.809331 -0.805013 -0.800925 -0.797167 -0.793802 -0.790856 -0.788320 -0.786154 -0.784293 -0.782650 -0.781129 -0.779632 -0.778066 
-0.837455 -0.836016 -0.833705 -0.830622 -0.826918 -0.822776 -0.818387 -0.813934 -0.809579 -0.805459 -0.801674 -0.798288 -0.795329 -0.792787 -0.790625 -0.788773 -0.787145 -0.785643 -0.784166 -0.782620 
-0.842118 -0.840711 -0.838415 -0.835330 -0.831612 -0.827445 -0.823024 -0.818535 -0.814145 -0.809993 -0.806180 -0.802773 -0.799800 -0.797254 -0.795094 -0.793251 -0.791638 -0.790155 -0.788698 -0.787173 
-0.846781 -0.845406 -0.843124 -0.840037 -0.836304 -0.832113 -0.827660 -0.823136 -0.818711 -0.814525 -0.810684 -0.807257 -0.804271 -0.801719 -0.799561 -0.797728 -0.796130 -0.794665 -0.793229 -0.791725 
-0.851442 -0.850099 -0.847831 -0.844744 -0.840997 -0.836780 -0.832295 -0.827735 -0.823275 -0.819057 -0.815188 -0.811739 -0.808740 -0.806183 -0.804028 -0.802204 -0.800621 -0.799175 -0.797760 -0.796276 
-0.856103 -0.854791 -0.852539 -0.849450 -0.845688 -0.841446 -0.836929 -0.832334 -0.827838 -0.823587 -0.819691 -0.816221 -0.813208 -0.810646 -0.808494 -0.806679 -0.805111 -0.803684 -0.802289 -0.800825 
-0.860763 -0.859483 -0.857245 -0.854156 -0.850379 -0.846112 -0.841563 -0.836933 -0.832401 -0.828117 -0.824193 -0.820702 -0.817676 -0.815109 -0.812958 -0.811153 -0.809600 -0.808191 -0.806817 -0.805374 
-0.865421 -0.864174 -0.861951 -0.858861 -0.855069 -0.850777 -0.846196 -0.841530 -0.836963 -0.832646 -0.828694 -0.825182 -0.822143 -0.819570 -0.817422 -0.815627 -0.814088 -0.812698 -0.811344 -0.809922 
-0.870080 -0.868864 -0.866656 -0.863565 -0.859759 -0.855442 -0.850829 -0.846127 -0.841525 -0.837175 -0.833195 -0.829661 -0.826608 -0.824030 -0.821885 -0.820099 -0.818575 -0.817204 -0.815871 -0.814469 
-0.874737 -0.873554 -0.871361 -0.868269 -0.864448 -0.860106 -0.855461 -0.850724 -0.846086 -0.841703 -0.837695 -0.834140 -0.831073 -0.828490 -0.826347 -0.824570 -0.823062 -0.821709 -0.820396 -0.819015 
-0.879394 -0.878243 -0.876065 -0.872972 -0.869137 -0.864769 -0.860092 -0.855320 -0.850646 -0.846230 -0.842194 -0.838618 -0.835538 -0.832949 -0.830808 -0.829041 -0.827547 -0.826213 -0.824921 -0.823561 
-0.884050 -0.882931 -0.880769 -0.877675 -0.873825 -0.869433 -0.864723 -0.859916 -0.855206 -0.850757 -0.846693 -0.843095 -0.840001 -0.837407 -0.835269 -0.833511 -0.832032 -0.830717 -0.829446 -0.828105 
-0.888706 -0.887619 -0.885472 -0.882377 -0.878513 -0.874095 -0.869354 -0.864511 -0.859765 -0.855283 -0.851191 -0.847572 -0.844465 -0.841865 -0.839729 -0.837980 -0.836516 -0.835220 -0.833969 -0.832650 
-0.893361 -0.892307 -0.890175 -0.887079 -0.883200 -0.878758 -0.873984 -0.869106 -0.864324 -0.859809 -0.855689 -0.852048 -0.848927 -0.846322 -0.844188 -0.842449 -0.841000 -0.839722 -0.838492 -0.837193 
-0.898015 -0.896994 -0.894877 -0.891781 -0.887887 -0.883420 -0.878614 -0.873700 -0.868883 -0.864334 -0.860186 -0.856524 -0.853389 -0.850778 -0.848647 -0.846917 -0.845483 -0.844224 -0.843015 -0.841737 
-0.902669 -0.901680 -0.899579 -0.896482 -0.892574 -0.888082 -0.883244 -0.878294 -0.873441 -0.868859 -0.864683 -0.860999 -0.857851 -0.855234 -0.853105 -0.851385 -0.849966 -0.848725 -0.847537 -0.846279 
-0.907323 -0.906367 -0.904281 -0.901183 -0.897261 -0.892743 -0.887874 -0.882888 -0.877999 -0.873384 -0.869179 -0.865474 -0.862312 -0.859690 -0.857563 -0.855852 -0.854448 -0.853226 -0.852058 -0.850822 
-0.911977 -0.911053 -0.908983 -0.905884 -0.901947 -0.897405 -0.892503 -0.887481 -0.882556 -0.877908 -0.873675 -0.869949 -0.866773 -0.864145 -0.862021 -0.860319 -0.858929 -0.857727 -0.856580 -0.855364 
-0.916630 -0.915739 -0.913684 -0.910584 -0.906633 -0.902066 -0.897132 -0.892074 -0.887113 -0.882432 -0.878171 -0.874423 -0.871233 -0.868600 -0.866478 -0.864785 -0.863411 -0.862227 -0.861101 -0.859905 
-0.921283 -0.920424 -0.918385 -0.915285 -0.911319 -0.906726 -0.901760 -0.896667 -0.891670 -0.886956 -0.882666 -0.878897 -0.875693 -0.873055 -0.870935 -0.869251 -0.867892 -0.866727 -0.865621 -0.864446 
-0.925935 -0.925110 -0.923086 -0.919985 -0.916005 -0.911387 -0.906389 -0.901260 -0.896227 -0.891479 -0.887162 -0.883371 -0.880153 -0.877509 -0.875391 -0.873717 -0.872372 -0.871226 -0.870141 -0.868987 
-0.930587 -0.929795 -0.927786 -0.924685 -0.920691 -0.916048 -0.911017 -0.905853 -0.900784 -0.896003 -0.891657 -0.887844 -0.884613 -0.881963 -0.879848 -0.878183 -0.876853 -0.875726 -0.874661 -0.873528 
-0.935240 -0.934480 -0.932487 -0.929385 -0.925376 -0.920708 -0.915645 -0.910445 -0.905341 -0.900526 -0.896151 -0.892317 -0.889072 -0.886417 -0.884304 -0.882648 -0.881333 -0.880225 -0.879181 -0.878069 
-0.939892 -0.939164 -0.937187 -0.934085 -0.930061 -0.925368 -0.920273 -0.915038 -0.909897 -0.905049 -0.900646 -0.896790 -0.893532 -0.890870 -0.888760 -0.887113 -0.885813 -0.884724 -0.883701 -0.882609 
-0.944543 -0.943849 -0.941887 -0.938784 -0.934746 -0.930028 -0.924901 -0.919630 -0.914453 -0.909572 -0.905141 -0.901263 -0.897991 -0.895324 -0.893215 -0.891578 -0.890293 -0.889222 -0.888220 -0.887149 
-0.949195 -0.948534 -0.946587 -0.943484 -0.939432 -0.934688 -0.929529 -0.924222 -0.919009 -0.914095 -0.909635 -0.905736 -0.902450 -0.899777 -0.897671 -0.896043 -0.894773 -0.893721 -0.892740 -0.891689 
-0.953847 -0.953218 -0.951287 -0.948183 -0.944117 -0.939348 -0.934157 -0.928814 -0.923565 -0.918617 -0.914130 -0.910209 -0.906909 -0.904230 -0.902126 -0.900508 -0.899253 -0.898219 -0.897259 -0.896229 
-0.958498 -0.957902 -0.955987 -0.952882 -0.948802 -0.944008 -0.938785 -0.933406 -0.928121 -0.923140 -0.918624 -0.914681 -0.911368 -0.908683 -0.906582 -0.904972 -0.903732 -0.902718 -0.901778 -0.900769 
-0.963150 -0.962587 -0.960687 -0.957582 -0.953487 -0.948668 -0.943413 -0.937998 -0.932677 -0.927663 -0.923118 -0.919154 -0.915826 -0.913137 -0.911037 -0.909437 -0.908212 -0.907216 -0.906297 -0.905309 
-0.967801 -0.967271 -0.965387 -0.962281 -0.958171 -0.953328 -0.948040 -0.942590 -0.937233 -0.932185 -0.927612 -0.923627 -0.920285 -0.917590 -0.915492 -0.913901 -0.912691 -0.911714 -0.910816 -0.909849 
-0.972453 -0.971955 -0.970087 -0.966980 -0.962856 -0.957988 -0.952668 -0.947182 -0.941789 -0.936708 -0.932106 -0.928099 -0.924744 -0.922043 -0.919947 -0.918366 -0.917170 -0.916212 -0.915335 -0.914388 
-0.977104 -0.976640 -0.974787 -0.971680 -0.967541 -0.962648 -0.957296 -0.951774 -0.946345 -0.941230 -0.936601 -0.932572 -0.929202 -0.926495 -0.924403 -0.922830 -0.921650 -0.920710 -0.919854 -0.918928 
-0.981755 -0.981324 -0.979487 -0.976379 -0.972226 -0.967308 -0.961923 -0.956366 -0.950901 -0.945753 -0.941095 -0.937044 -0.933661 -0.930948 -0.928858 -0.927295 -0.926129 -0.925209 -0.924373 -0.923468 
-0.986407 -0.986008 -0.984187 -0.981078 -0.976911 -0.971967 -0.966551 -0.960958 -0.955457 -0.950275 -0.945589 -0.941516 -0.938119 -0.935401 -0.933313 -0.931759 -0.930608 -0.929707 -0.928891 -0.928007 
-0.991058 -0.990692 -0.988886 -0.985777 -0.981596 -0.976627 -0.971178 -0.965550 -0.960013 -0.954798 -0.950083 -0.945989 -0.942578 -0.939854 -0.937768 -0.936223 -0.935088 -0.934205 -0.933410 -0.932547 
-0.995709 -0.995376 -0.993586 -0.990477 -0.986281 -0.981287 -0.975806 -0.970141 -0.964568 -0.959320 -0.954577 -0.950461 -0.947036 -0.944307 -0.942223 -0.940688 -0.939567 -0.938703 -0.937929 -0.937087 
