# x,  y
16.000000  351.017560
17.000000  349.147308
18.000000  347.517560
19.000000  345.982440
20.000000  344.352692
21.000000  342.500000
22.000000  340.629748
23.000000  338.870252
24.000000  336.982440
25.000000  335.017560
26.000000  333.147308
27.000000  331.517560
28.000000  330.000000
29.000000  328.482440
30.000000  326.852692
31.000000  325.000000
32.000000  323.147308
33.000000  321.500000
34.000000  319.852692
35.000000  318.000000
36.000000  316.147308
37.000000  314.500000
38.000000  312.852692
39.000000  311.000000
40.000000  309.147308
41.000000  307.500000
42.000000  305.870252
43.000000  304.129748
44.000000  302.500000
45.000000  300.870252
46.000000  299.129748
47.000000  297.500000
48.000000  295.870252
49.000000  294.129748
50.000000  292.500000
51.000000  290.870252
52.000000  289.129748
53.000000  287.517560
54.000000  285.982440
55.000000  284.352692
56.000000  282.500000
57.000000  280.647308
58.000000  279.017560
59.000000  277.482440
60.000000  275.870252
61.000000  274.147308
62.000000  272.647308
63.000000  271.352692
64.000000  269.835133
65.000000  268.017560
66.000000  266.294615
67.000000  265.000000
68.000000  263.722944
69.000000  262.129748
70.000000  260.647308
71.000000  259.352692
72.000000  257.852692
73.000000  256.129748
74.000000  254.517560
75.000000  253.000000
76.000000  251.517560
77.000000  250.147308
78.000000  249.000000
79.000000  247.852692
80.000000  246.464881
81.000000  244.870252
82.000000  243.147308
83.000000  241.664867
84.000000  240.500000
85.000000  239.370252
86.000000  238.129748
87.000000  237.000000
88.000000  235.852692
89.000000  234.482440
90.000000  233.017560
91.000000  231.647308
92.000000  230.500000
93.000000  229.352692
94.000000  228.000000
95.000000  226.647308
96.000000  225.517560
97.000000  224.500000
98.000000  223.482440
99.000000  222.370252
100.000000  221.129748
101.000000  220.000000
102.000000  218.870252
103.000000  217.629748
104.000000  216.517560
105.000000  215.500000
106.000000  214.500000
107.000000  213.500000
108.000000  212.500000
109.000000  211.482440
110.000000  210.352692
111.000000  209.000000
112.000000  207.647308
113.000000  206.517560
114.000000  205.517560
115.000000  204.629748
116.000000  203.852692
117.000000  202.852692
118.000000  201.629748
119.000000  200.517560
120.000000  199.500000
121.000000  198.500000
122.000000  197.500000
123.000000  196.500000
124.000000  195.500000
125.000000  194.500000
126.000000  193.482440
127.000000  192.370252
128.000000  191.147308
129.000000  190.147308
130.000000  189.370252
131.000000  188.482440
132.000000  187.500000
133.000000  186.500000
134.000000  185.500000
135.000000  184.500000
136.000000  183.500000
137.000000  182.500000
138.000000  181.500000
139.000000  180.500000
140.000000  179.500000
141.000000  178.517560
142.000000  177.664867
143.000000  177.164867
144.000000  177.017560
145.000000  177.017560
164.000000  177.147308
165.000000  177.517560
166.000000  178.017560
167.000000  178.664867
168.000000  179.682427
169.000000  181.164867
170.000000  183.017560
171.000000  184.982440
172.000000  186.870252
173.000000  188.647308
174.000000  190.647308
175.000000  192.870252
176.000000  194.964881
177.000000  196.852692
178.000000  198.500000
179.000000  200.147308
180.000000  202.000000
181.000000  203.852692
182.000000  205.500000
183.000000  207.147308
184.000000  209.017560
185.000000  210.982440
186.000000  212.852692
187.000000  214.482440
188.000000  216.000000
189.000000  217.517560
190.000000  219.129748
191.000000  220.870252
192.000000  222.500000
193.000000  224.129748
194.000000  225.870252
195.000000  227.482440
196.000000  229.000000
197.000000  230.500000
198.000000  231.982440
199.000000  233.370252
200.000000  234.629748
201.000000  236.017560
202.000000  237.500000
203.000000  238.982440
204.000000  240.352692
205.000000  241.500000
206.000000  242.647308
207.000000  244.017560
208.000000  245.500000
209.000000  247.000000
210.000000  248.500000
211.000000  250.000000
212.000000  251.500000
213.000000  252.982440
214.000000  254.352692
215.000000  255.500000
216.000000  256.647308
217.000000  258.017560
218.000000  259.500000
219.000000  261.000000
220.000000  262.500000
221.000000  263.982440
222.000000  265.370252
223.000000  266.629748
224.000000  268.017560
225.000000  269.500000
226.000000  270.982440
227.000000  272.370252
228.000000  273.629748
229.000000  275.000000
230.000000  276.352692
231.000000  277.500000
232.000000  278.647308
233.000000  280.000000
234.000000  281.370252
235.000000  282.629748
236.000000  284.000000
237.000000  285.352692
238.000000  286.482440
239.000000  287.500000
240.000000  288.500000
241.000000  289.517560
242.000000  290.647308
243.000000  292.000000
244.000000  293.352692
245.000000  294.500000
246.000000  295.664867
247.000000  297.129748
248.000000  298.705385
249.000000  299.835133
250.000000  300.647308
251.000000  301.664867
252.000000  303.000000
253.000000  304.352692
254.000000  305.482440
255.000000  306.517560
256.000000  307.647308
257.000000  309.000000
258.000000  310.352692
259.000000  311.482440
260.000000  312.500000
261.000000  313.517560
262.000000  314.647308
263.000000  316.000000
264.000000  317.352692
265.000000  318.482440
266.000000  319.500000
267.000000  320.517560
268.000000  321.647308
269.000000  323.000000
270.000000  324.370252
271.000000  325.612189
272.000000  326.870252
273.000000  328.000000
274.000000  329.112189
275.000000  330.240504
276.000000  331.129748
277.000000  332.147308
278.000000  333.352692
279.000000  334.352692
