# x,  y
16.000000  342.629748
17.000000  341.370252
18.000000  339.982440
19.000000  338.500000
20.000000  337.017560
21.000000  335.629748
22.000000  334.370252
23.000000  333.000000
24.000000  331.647308
25.000000  330.500000
26.000000  329.352692
27.000000  328.000000
28.000000  326.629748
29.000000  325.370252
30.000000  323.982440
31.000000  322.500000
32.000000  321.017560
33.000000  319.629748
34.000000  318.352692
35.000000  316.870252
36.000000  315.277056
37.000000  314.017560
38.000000  312.852692
39.000000  311.482440
40.000000  310.017560
41.000000  308.647308
42.000000  307.500000
43.000000  306.352692
44.000000  305.000000
45.000000  303.647308
46.000000  302.500000
47.000000  301.352692
48.000000  300.000000
49.000000  298.629748
50.000000  297.370252
51.000000  295.982440
52.000000  294.500000
53.000000  293.000000
54.000000  291.500000
55.000000  290.017560
56.000000  288.647308
57.000000  287.500000
58.000000  286.370252
59.000000  285.129748
60.000000  283.982440
61.000000  282.722944
62.000000  281.112189
63.000000  279.517560
64.000000  278.017560
65.000000  276.647308
66.000000  275.500000
67.000000  274.352692
68.000000  273.000000
69.000000  271.647308
70.000000  270.500000
71.000000  269.352692
72.000000  267.982440
73.000000  266.500000
74.000000  265.017560
75.000000  263.647308
76.000000  262.500000
77.000000  261.352692
78.000000  260.000000
79.000000  258.647308
80.000000  257.500000
81.000000  256.352692
82.000000  255.000000
83.000000  253.647308
84.000000  252.517560
85.000000  251.482440
86.000000  250.352692
87.000000  248.982440
88.000000  247.500000
89.000000  246.017560
90.000000  244.647308
91.000000  243.517560
92.000000  242.500000
93.000000  241.500000
94.000000  240.500000
95.000000  239.482440
96.000000  238.352692
97.000000  237.000000
98.000000  235.629748
99.000000  234.370252
100.000000  233.017560
101.000000  231.777056
102.000000  230.870252
103.000000  229.852692
104.000000  228.629748
105.000000  227.500000
106.000000  226.352692
107.000000  225.000000
108.000000  223.647308
109.000000  222.517560
110.000000  221.500000
111.000000  220.482440
112.000000  219.352692
113.000000  218.000000
114.000000  216.647308
115.000000  215.517560
116.000000  214.500000
117.000000  213.500000
118.000000  212.500000
119.000000  211.500000
120.000000  210.482440
121.000000  209.352692
122.000000  208.000000
123.000000  206.647308
124.000000  205.517560
125.000000  204.500000
126.000000  203.500000
127.000000  202.482440
128.000000  201.352692
129.000000  200.000000
130.000000  198.647308
131.000000  197.517560
132.000000  196.500000
133.000000  195.482440
134.000000  194.352692
135.000000  193.000000
136.000000  191.647308
137.000000  190.517560
138.000000  189.500000
139.000000  188.482440
140.000000  187.352692
141.000000  186.000000
142.000000  184.647308
143.000000  183.500000
144.000000  182.352692
145.000000  181.000000
146.000000  179.664867
147.000000  178.664867
148.000000  178.017560
149.000000  177.535119
150.000000  177.294615
151.000000  177.535119
162.000000  178.052679
163.000000  178.994602
164.000000  181.012161
165.000000  184.164867
166.000000  187.705385
167.000000  190.835133
168.000000  193.629748
169.000000  196.517560
170.000000  199.500000
171.000000  202.482440
172.000000  205.352692
173.000000  207.982440
174.000000  210.482440
175.000000  212.852692
176.000000  214.982440
177.000000  217.017560
178.000000  219.147308
179.000000  221.500000
180.000000  223.852692
181.000000  225.982440
182.000000  228.000000
183.000000  229.982440
184.000000  231.870252
185.000000  233.629748
186.000000  235.500000
187.000000  237.370252
188.000000  239.129748
189.000000  241.017560
190.000000  242.982440
191.000000  244.852692
192.000000  246.500000
193.000000  248.147308
194.000000  250.000000
195.000000  251.835133
196.000000  253.352692
197.000000  254.647308
198.000000  256.129748
199.000000  257.722944
200.000000  258.982440
201.000000  260.147308
202.000000  261.517560
203.000000  262.982440
204.000000  264.370252
205.000000  265.647308
206.000000  267.147308
207.000000  268.852692
208.000000  270.335133
209.000000  271.500000
210.000000  272.664867
211.000000  274.147308
212.000000  275.870252
213.000000  277.482440
214.000000  279.000000
215.000000  280.500000
216.000000  281.982440
217.000000  283.370252
218.000000  284.629748
219.000000  286.000000
220.000000  287.370252
221.000000  288.629748
222.000000  290.000000
223.000000  291.370252
224.000000  292.629748
225.000000  294.000000
226.000000  295.370252
227.000000  296.629748
228.000000  298.017560
229.000000  299.500000
230.000000  300.982440
231.000000  302.352692
232.000000  303.500000
233.000000  304.647308
234.000000  306.000000
235.000000  307.352692
236.000000  308.482440
237.000000  309.517560
238.000000  310.647308
239.000000  312.000000
240.000000  313.352692
241.000000  314.500000
242.000000  315.647308
243.000000  317.000000
244.000000  318.352692
245.000000  319.482440
246.000000  320.500000
247.000000  321.517560
248.000000  322.647308
249.000000  324.000000
250.000000  325.352692
251.000000  326.482440
252.000000  327.500000
253.000000  328.517560
254.000000  329.647308
255.000000  331.000000
256.000000  332.352692
257.000000  333.482440
258.000000  334.500000
259.000000  335.500000
260.000000  336.517560
261.000000  337.647308
262.000000  339.000000
263.000000  340.352692
264.000000  341.482440
265.000000  342.517560
266.000000  343.629748
267.000000  344.870252
268.000000  345.982440
269.000000  347.000000
270.000000  348.017560
271.000000  349.129748
272.000000  350.370252
273.000000  351.482440
274.000000  352.500000
275.000000  353.500000
276.000000  354.517560
277.000000  355.647308
278.000000  357.000000
279.000000  358.352692
