# x,  y
36.000000  330.777056
37.000000  329.852692
38.000000  328.705385
39.000000  327.147308
40.000000  325.794615
41.000000  324.870252
42.000000  323.852692
43.000000  322.612189
44.000000  321.370252
45.000000  319.982440
46.000000  318.500000
47.000000  317.017560
48.000000  315.594629
49.000000  314.093196
50.000000  312.164867
51.000000  310.589231
52.000000  309.905371
53.000000  309.317573
54.000000  308.335133
55.000000  306.982440
56.000000  305.500000
57.000000  304.017560
58.000000  302.647308
59.000000  301.517560
60.000000  300.482440
61.000000  299.352692
62.000000  297.982440
63.000000  296.500000
64.000000  295.017560
65.000000  293.612189
66.000000  292.240504
67.000000  290.647308
68.000000  289.294615
69.000000  288.387811
70.000000  287.464881
71.000000  286.352692
72.000000  284.982440
73.000000  283.500000
74.000000  282.017560
75.000000  280.629748
76.000000  279.370252
77.000000  278.017560
78.000000  276.777056
79.000000  275.852692
80.000000  274.705385
81.000000  273.129748
82.000000  271.664867
83.000000  270.500000
84.000000  269.352692
85.000000  267.982440
86.000000  266.517560
87.000000  265.147308
88.000000  264.000000
89.000000  262.852692
90.000000  261.482440
91.000000  260.017560
92.000000  258.629748
93.000000  257.370252
94.000000  256.000000
95.000000  254.629748
96.000000  253.370252
97.000000  252.017560
98.000000  250.777056
99.000000  249.870252
100.000000  248.835133
101.000000  247.482440
102.000000  246.000000
103.000000  244.517560
104.000000  243.147308
105.000000  242.000000
106.000000  240.852692
107.000000  239.447321
108.000000  237.740504
109.000000  235.794615
110.000000  234.312175
111.000000  233.387811
112.000000  232.482440
113.000000  231.482440
114.000000  230.352692
115.000000  228.982440
116.000000  227.500000
117.000000  226.017560
118.000000  224.647308
119.000000  223.517560
120.000000  222.500000
121.000000  221.482440
122.000000  220.335133
123.000000  218.852692
124.000000  217.147308
125.000000  215.664867
126.000000  214.500000
127.000000  213.352692
128.000000  212.000000
129.000000  210.647308
130.000000  209.500000
131.000000  208.352692
132.000000  207.000000
133.000000  205.629748
134.000000  204.370252
135.000000  203.000000
136.000000  201.629748
137.000000  200.370252
138.000000  198.982440
139.000000  197.482440
140.000000  195.887811
141.000000  194.277056
142.000000  193.000000
143.000000  191.722944
144.000000  190.129748
145.000000  188.647308
146.000000  187.352692
147.000000  185.852692
148.000000  184.129748
149.000000  182.500000
150.000000  180.887811
151.000000  179.294615
152.000000  178.199986
153.000000  177.682427
154.000000  177.682427
159.000000  178.287784
160.000000  180.101392
161.000000  184.064840
162.000000  189.552679
163.000000  195.447321
164.000000  201.040517
165.000000  205.800014
166.000000  209.947321
167.000000  213.705385
168.000000  216.982440
169.000000  220.129748
170.000000  223.370252
171.000000  226.482440
172.000000  229.482440
173.000000  232.352692
174.000000  235.000000
175.000000  237.647308
176.000000  240.500000
177.000000  243.352692
178.000000  245.982440
179.000000  248.482440
180.000000  250.852692
181.000000  252.982440
182.000000  255.017560
183.000000  257.147308
184.000000  259.500000
185.000000  261.852692
186.000000  263.982440
187.000000  266.000000
188.000000  267.982440
189.000000  269.870252
190.000000  271.647308
191.000000  273.629748
192.000000  275.722944
193.000000  277.482440
194.000000  279.129748
195.000000  280.870252
196.000000  282.500000
197.000000  284.129748
198.000000  285.887811
199.000000  287.629748
200.000000  289.500000
201.000000  291.370252
202.000000  293.129748
203.000000  295.017560
204.000000  296.982440
205.000000  298.870252
206.000000  300.629748
207.000000  302.500000
208.000000  304.370252
209.000000  306.112189
210.000000  307.870252
211.000000  309.500000
212.000000  311.147308
213.000000  313.000000
214.000000  314.852692
215.000000  316.482440
216.000000  318.017560
217.000000  319.664867
218.000000  321.629748
219.000000  323.705385
220.000000  325.300014
221.000000  326.335133
222.000000  327.052679
223.000000  328.089231
224.000000  330.035119
225.000000  332.205385
226.000000  333.964881
227.000000  335.500000
228.000000  336.982440
229.000000  338.370252
230.000000  339.647308
231.000000  341.129748
232.000000  342.740504
233.000000  344.112189
234.000000  345.500000
235.000000  346.887811
236.000000  348.259496
237.000000  349.887811
238.000000  351.482440
239.000000  352.982440
240.000000  354.370252
241.000000  355.629748
242.000000  357.017560
243.000000  358.500000
244.000000  359.982440
245.000000  361.370252
246.000000  362.647308
247.000000  364.147308
248.000000  365.852692
249.000000  367.352692
250.000000  368.629748
251.000000  370.017560
252.000000  371.500000
253.000000  373.000000
254.000000  374.500000
255.000000  376.000000
256.000000  377.500000
257.000000  379.000000
258.000000  380.482440
259.000000  381.852692
260.000000  383.017560
261.000000  384.277056
