# x,  y
47.000000  393.870252
48.000000  392.129748
49.000000  390.517560
50.000000  389.000000
51.000000  387.500000
52.000000  386.000000
53.000000  384.482440
54.000000  382.852692
55.000000  381.000000
56.000000  379.147308
57.000000  377.500000
58.000000  375.870252
59.000000  374.129748
60.000000  372.500000
61.000000  370.870252
62.000000  369.129748
63.000000  367.517560
64.000000  366.000000
65.000000  364.482440
66.000000  362.870252
67.000000  361.129748
68.000000  359.500000
69.000000  357.852692
70.000000  356.000000
71.000000  354.147308
72.000000  352.500000
73.000000  350.870252
74.000000  349.129748
75.000000  347.517560
76.000000  346.000000
77.000000  344.482440
78.000000  342.852692
79.000000  340.982440
80.000000  339.017560
81.000000  337.147308
82.000000  335.500000
83.000000  333.870252
84.000000  332.129748
85.000000  330.500000
86.000000  328.870252
87.000000  327.129748
88.000000  325.500000
89.000000  323.852692
90.000000  322.000000
91.000000  320.147308
92.000000  318.500000
93.000000  316.852692
94.000000  314.982440
95.000000  313.017560
96.000000  311.147308
97.000000  309.500000
98.000000  307.852692
99.000000  306.000000
100.000000  304.147308
101.000000  302.482440
102.000000  300.705385
103.000000  298.500000
104.000000  296.294615
105.000000  294.517560
106.000000  292.852692
107.000000  290.982440
108.000000  289.000000
109.000000  287.000000
110.000000  285.000000
111.000000  283.000000
112.000000  281.000000
113.000000  279.000000
114.000000  277.000000
115.000000  275.000000
116.000000  273.000000
117.000000  271.000000
118.000000  268.982440
119.000000  266.852692
120.000000  264.500000
121.000000  262.129748
122.000000  259.870252
123.000000  257.500000
124.000000  255.147308
125.000000  253.000000
126.000000  250.852692
127.000000  248.482440
128.000000  246.000000
129.000000  243.517560
130.000000  241.147308
131.000000  239.000000
132.000000  236.835133
133.000000  234.352692
134.000000  231.647308
135.000000  229.147308
136.000000  226.870252
137.000000  224.464881
138.000000  221.852692
139.000000  219.000000
140.000000  216.147308
141.000000  213.517560
142.000000  210.982440
143.000000  208.370252
144.000000  205.629748
145.000000  203.000000
146.000000  200.352692
147.000000  197.464881
148.000000  194.352692
149.000000  190.982440
150.000000  187.517560
151.000000  184.182427
152.000000  181.347294
153.000000  179.364854
154.000000  178.329735
155.000000  178.035119
163.000000  178.035119
164.000000  178.329735
165.000000  179.329735
166.000000  181.017560
167.000000  182.852692
168.000000  184.500000
169.000000  186.147308
170.000000  188.000000
171.000000  189.852692
172.000000  191.500000
173.000000  193.147308
174.000000  195.017560
175.000000  196.982440
176.000000  198.870252
177.000000  200.647308
178.000000  202.629748
179.000000  204.722944
180.000000  206.482440
181.000000  208.147308
182.000000  210.017560
183.000000  212.000000
184.000000  213.982440
185.000000  215.852692
186.000000  217.500000
187.000000  219.147308
188.000000  221.017560
189.000000  223.000000
190.000000  224.982440
191.000000  226.852692
192.000000  228.500000
193.000000  230.147308
194.000000  232.000000
195.000000  233.852692
196.000000  235.482440
197.000000  237.000000
198.000000  238.500000
199.000000  240.017560
200.000000  241.629748
201.000000  243.335133
202.000000  244.705385
203.000000  245.682427
204.000000  247.106790
205.000000  249.500000
206.000000  251.910769
207.000000  253.447321
208.000000  254.664867
209.000000  256.164867
210.000000  258.017560
211.000000  260.000000
212.000000  262.000000
213.000000  264.000000
214.000000  265.982440
215.000000  267.835133
216.000000  269.370252
217.000000  270.794615
218.000000  272.664867
219.000000  274.852692
220.000000  276.852692
221.000000  278.647308
222.000000  280.612189
223.000000  282.593196
224.000000  284.112189
225.000000  285.647308
226.000000  287.370252
227.000000  289.000000
228.000000  290.647308
229.000000  292.500000
230.000000  294.370252
231.000000  296.129748
232.000000  298.017560
233.000000  300.000000
234.000000  302.000000
235.000000  304.017560
236.000000  306.129748
237.000000  308.352692
238.000000  310.370252
239.000000  312.277056
240.000000  314.500000
241.000000  316.705385
242.000000  318.482440
243.000000  320.164867
244.000000  322.164867
245.000000  324.500000
246.000000  326.835133
247.000000  328.835133
