# x,  y
52.000000  291.048714
53.000000  289.258063
54.000000  287.358090
55.000000  284.317573
56.000000  280.759496
57.000000  277.405371
58.000000  274.164867
59.000000  271.294615
60.000000  268.852692
61.000000  266.205385
62.000000  263.147308
63.000000  260.294615
64.000000  257.905371
65.000000  255.629748
66.000000  253.517560
67.000000  251.500000
68.000000  249.482440
69.000000  247.387811
70.000000  245.277056
71.000000  243.535119
72.000000  242.000000
73.000000  240.482440
74.000000  238.870252
75.000000  237.147308
76.000000  235.647308
77.000000  234.370252
78.000000  232.982440
79.000000  231.500000
80.000000  230.000000
81.000000  228.500000
82.000000  227.017560
83.000000  225.647308
84.000000  224.517560
85.000000  223.500000
86.000000  222.500000
87.000000  221.500000
88.000000  220.500000
89.000000  219.500000
90.000000  218.482440
91.000000  217.352692
92.000000  216.000000
93.000000  214.664867
94.000000  213.647308
95.000000  212.852692
96.000000  211.870252
97.000000  210.777056
98.000000  210.017560
99.000000  209.352692
100.000000  208.482440
101.000000  207.500000
102.000000  206.500000
103.000000  205.500000
104.000000  204.500000
105.000000  203.500000
106.000000  202.500000
107.000000  201.500000
108.000000  200.517560
109.000000  199.647308
110.000000  199.000000
111.000000  198.352692
112.000000  197.482440
113.000000  196.500000
114.000000  195.517560
115.000000  194.647308
116.000000  194.000000
117.000000  193.352692
118.000000  192.482440
119.000000  191.517560
120.000000  190.647308
121.000000  190.000000
122.000000  189.352692
123.000000  188.500000
124.000000  187.647308
125.000000  187.000000
126.000000  186.352692
127.000000  185.482440
128.000000  184.517560
129.000000  183.647308
130.000000  183.000000
131.000000  182.352692
132.000000  181.500000
133.000000  180.647308
134.000000  180.000000
135.000000  179.352692
136.000000  178.500000
137.000000  177.647308
138.000000  177.017560
139.000000  176.517560
140.000000  176.147308
141.000000  176.017560
142.000000  176.000000
143.000000  176.000000
169.000000  176.000000
170.000000  176.000000
171.000000  176.000000
172.000000  176.017560
173.000000  176.164867
174.000000  176.664867
175.000000  177.517560
176.000000  178.482440
177.000000  179.370252
178.000000  180.147308
179.000000  181.129748
180.000000  182.240504
181.000000  183.129748
182.000000  184.147308
183.000000  185.370252
184.000000  186.482440
185.000000  187.500000
186.000000  188.500000
187.000000  189.500000
188.000000  190.517560
189.000000  191.647308
190.000000  193.000000
191.000000  194.370252
192.000000  195.629748
193.000000  197.000000
194.000000  198.370252
195.000000  199.629748
196.000000  201.000000
197.000000  202.352692
198.000000  203.500000
199.000000  204.664867
200.000000  206.147308
201.000000  207.852692
202.000000  209.352692
203.000000  210.647308
204.000000  212.164867
205.000000  214.000000
206.000000  215.852692
207.000000  217.482440
208.000000  219.000000
209.000000  220.500000
210.000000  222.000000
211.000000  223.517560
212.000000  225.129748
213.000000  226.870252
214.000000  228.500000
215.000000  230.147308
216.000000  232.017560
217.000000  234.000000
218.000000  236.017560
219.000000  238.164867
220.000000  240.664867
221.000000  243.500000
222.000000  246.352692
223.000000  249.017560
224.000000  251.794615
225.000000  255.035119
226.000000  258.500000
227.000000  261.982440
228.000000  265.352692
229.000000  268.517560
230.000000  271.812175
231.000000  275.664867
232.000000  279.870252
233.000000  283.964881
234.000000  287.870252
235.000000  291.664867
236.000000  295.777056
237.000000  300.222944
238.000000  304.370252
239.000000  308.441923
240.000000  313.182427
241.000000  318.387811
242.000000  323.629748
243.000000  329.052679
244.000000  334.794615
245.000000  341.035119
246.000000  347.412202
