# x,  y
57.000000  321.722944
58.000000  319.629748
59.000000  317.647308
60.000000  315.870252
61.000000  314.017560
62.000000  312.259496
63.000000  310.705385
64.000000  308.705385
65.000000  306.277056
66.000000  304.182427
67.000000  302.482440
68.000000  300.722944
69.000000  298.629748
70.000000  296.647308
71.000000  294.905371
72.000000  293.259496
73.000000  291.870252
74.000000  290.352692
75.000000  288.612189
76.000000  286.870252
77.000000  284.929762
78.000000  282.593196
79.000000  279.812175
80.000000  277.589231
81.000000  276.222944
82.000000  274.540517
83.000000  272.147308
84.000000  269.924364
85.000000  268.240504
86.000000  266.352692
87.000000  264.277056
88.000000  262.517560
89.000000  260.870252
90.000000  259.129748
91.000000  257.500000
92.000000  255.852692
93.000000  253.982440
94.000000  252.017560
95.000000  250.147308
96.000000  248.500000
97.000000  246.782454
98.000000  244.463448
99.000000  241.606790
100.000000  239.736539
101.000000  238.981007
102.000000  237.782454
103.000000  235.982440
104.000000  234.017560
105.000000  232.147308
106.000000  230.500000
107.000000  228.870252
108.000000  227.129748
109.000000  225.517560
110.000000  224.000000
111.000000  222.500000
112.000000  221.000000
113.000000  219.482440
114.000000  217.870252
115.000000  216.147308
116.000000  214.647308
117.000000  213.370252
118.000000  211.982440
119.000000  210.500000
120.000000  209.000000
121.000000  207.500000
122.000000  206.000000
123.000000  204.500000
124.000000  203.017560
125.000000  201.647308
126.000000  200.500000
127.000000  199.352692
128.000000  198.000000
129.000000  196.629748
130.000000  195.370252
131.000000  194.000000
132.000000  192.647308
133.000000  191.500000
134.000000  190.352692
135.000000  188.982440
136.000000  187.500000
137.000000  186.000000
138.000000  184.500000
139.000000  183.017560
140.000000  181.629748
141.000000  180.387811
142.000000  179.147308
143.000000  178.164867
144.000000  177.535119
145.000000  177.147308
146.000000  177.035119
160.000000  177.147308
161.000000  177.517560
162.000000  178.035119
163.000000  178.829735
164.000000  180.347294
165.000000  182.699986
166.000000  185.664867
167.000000  188.982440
168.000000  192.222944
169.000000  195.129748
170.000000  198.147308
171.000000  201.352692
172.000000  204.352692
173.000000  207.129748
174.000000  210.000000
175.000000  212.870252
176.000000  215.629748
177.000000  218.535119
178.000000  221.664867
179.000000  225.147308
180.000000  228.852692
181.000000  232.335133
182.000000  235.482440
183.000000  238.517560
184.000000  241.629748
185.000000  244.852692
186.000000  247.852692
187.000000  250.629748
188.000000  253.535119
189.000000  256.629748
190.000000  259.852692
191.000000  262.835133
192.000000  265.517560
193.000000  268.312175
194.000000  271.524391
195.000000  274.244468
196.000000  275.406804
197.000000  277.031154
198.000000  280.180993
199.000000  283.447321
200.000000  286.500000
201.000000  289.517560
202.000000  292.629748
203.000000  295.870252
204.000000  298.982440
205.000000  302.017560
206.000000  305.164867
207.000000  308.629748
208.000000  312.222944
209.000000  315.447321
210.000000  318.370252
211.000000  321.129748
212.000000  324.000000
213.000000  326.870252
214.000000  329.629748
215.000000  332.500000
216.000000  335.352692
217.000000  338.000000
218.000000  340.647308
219.000000  343.517560
220.000000  346.482440
221.000000  349.352692
222.000000  352.000000
223.000000  354.629748
224.000000  357.370252
225.000000  360.000000
226.000000  362.647308
227.000000  365.517560
228.000000  368.482440
229.000000  371.335133
230.000000  373.852692
231.000000  376.147308
232.000000  378.647308
233.000000  381.370252
234.000000  383.982440
235.000000  386.500000
236.000000  389.000000
237.000000  391.482440
238.000000  393.870252
239.000000  396.147308
240.000000  398.664867
