# x,  y
59.000000  294.718979
60.000000  290.789217
61.000000  288.240504
62.000000  285.505398
63.000000  281.852692
64.000000  277.924364
65.000000  274.517560
66.000000  271.240504
67.000000  267.759496
68.000000  264.517560
69.000000  261.387811
70.000000  258.277056
71.000000  255.517560
72.000000  252.870252
73.000000  250.147308
74.000000  247.647308
75.000000  245.387811
76.000000  243.129748
77.000000  241.035119
78.000000  239.112189
79.000000  237.240504
80.000000  235.129748
81.000000  233.129748
82.000000  231.258063
83.000000  229.259496
84.000000  227.535119
85.000000  226.017560
86.000000  224.629748
87.000000  223.370252
88.000000  221.982440
89.000000  220.482440
90.000000  218.887811
91.000000  217.277056
92.000000  216.035119
93.000000  215.017560
94.000000  214.112189
95.000000  213.222944
96.000000  211.982440
97.000000  210.647308
98.000000  209.517560
99.000000  208.500000
100.000000  207.500000
101.000000  206.500000
102.000000  205.500000
103.000000  204.500000
104.000000  203.500000
105.000000  202.482440
106.000000  201.370252
107.000000  200.147308
108.000000  199.147308
109.000000  198.370252
110.000000  197.482440
111.000000  196.517560
112.000000  195.647308
113.000000  195.000000
114.000000  194.352692
115.000000  193.482440
116.000000  192.500000
117.000000  191.500000
118.000000  190.517560
119.000000  189.647308
120.000000  189.000000
121.000000  188.352692
122.000000  187.482440
123.000000  186.517560
124.000000  185.647308
125.000000  185.000000
126.000000  184.352692
127.000000  183.482440
128.000000  182.500000
129.000000  181.517560
130.000000  180.647308
131.000000  180.017560
132.000000  179.500000
133.000000  178.982440
134.000000  178.370252
135.000000  177.629748
136.000000  177.017560
137.000000  176.500000
138.000000  176.000000
139.000000  175.552679
140.000000  175.441923
141.000000  176.017560
167.000000  176.705385
168.000000  176.964881
169.000000  177.000000
170.000000  177.017560
171.000000  177.164867
172.000000  177.664867
173.000000  178.517560
174.000000  179.500000
175.000000  180.500000
176.000000  181.500000
177.000000  182.500000
178.000000  183.517560
179.000000  184.647308
180.000000  186.000000
181.000000  187.352692
182.000000  188.500000
183.000000  189.647308
184.000000  191.017560
185.000000  192.500000
186.000000  193.982440
187.000000  195.352692
188.000000  196.500000
189.000000  197.664867
190.000000  199.147308
191.000000  200.852692
192.000000  202.352692
193.000000  203.647308
194.000000  205.164867
195.000000  207.017560
196.000000  208.982440
197.000000  210.852692
198.000000  212.500000
199.000000  214.129748
200.000000  215.887811
201.000000  217.629748
202.000000  219.500000
203.000000  221.370252
204.000000  223.129748
205.000000  225.017560
206.000000  227.000000
207.000000  229.000000
208.000000  231.000000
209.000000  232.982440
210.000000  234.870252
211.000000  236.647308
212.000000  238.664867
213.000000  241.035119
214.000000  243.647308
215.000000  246.517560
216.000000  249.500000
217.000000  252.517560
218.000000  255.664867
219.000000  259.164867
220.000000  263.017560
221.000000  267.000000
222.000000  271.017560
223.000000  275.147308
224.000000  279.517560
225.000000  284.035119
226.000000  288.777056
227.000000  293.870252
228.000000  298.852692
229.000000  303.612189
230.000000  308.387811
231.000000  313.129748
232.000000  318.052679
233.000000  323.294615
234.000000  329.052679
235.000000  335.164867
236.000000  341.506832
237.000000  347.103992
238.000000  350.298580
