# x,  y
22.000000  338.370252
23.000000  337.000000
24.000000  335.647308
25.000000  334.500000
26.000000  333.352692
27.000000  332.000000
28.000000  330.629748
29.000000  329.370252
30.000000  328.000000
31.000000  326.647308
32.000000  325.500000
33.000000  324.352692
34.000000  323.000000
35.000000  321.629748
36.000000  320.370252
37.000000  319.000000
38.000000  317.647308
39.000000  316.517560
40.000000  315.482440
41.000000  314.352692
42.000000  313.000000
43.000000  311.647308
44.000000  310.500000
45.000000  309.352692
46.000000  307.982440
47.000000  306.500000
48.000000  305.017560
49.000000  303.647308
50.000000  302.500000
51.000000  301.352692
52.000000  300.000000
53.000000  298.647308
54.000000  297.517560
55.000000  296.464881
56.000000  295.222944
57.000000  293.647308
58.000000  292.277056
59.000000  291.240504
60.000000  289.982440
61.000000  288.647308
62.000000  287.500000
63.000000  286.352692
64.000000  284.982440
65.000000  283.517560
66.000000  282.164867
67.000000  281.129748
68.000000  280.222944
69.000000  278.964881
70.000000  277.500000
71.000000  276.017560
72.000000  274.647308
73.000000  273.517560
74.000000  272.482440
75.000000  271.352692
76.000000  270.000000
77.000000  268.629748
78.000000  267.370252
79.000000  266.000000
80.000000  264.647308
81.000000  263.517560
82.000000  262.482440
83.000000  261.352692
84.000000  260.000000
85.000000  258.629748
86.000000  257.370252
87.000000  255.947321
88.000000  254.222944
89.000000  252.164867
90.000000  250.459483
91.000000  249.552679
92.000000  248.982440
93.000000  248.352692
94.000000  247.464881
95.000000  246.352692
96.000000  245.000000
97.000000  243.647308
98.000000  242.500000
99.000000  241.370252
100.000000  240.129748
101.000000  239.000000
102.000000  237.870252
103.000000  236.629748
104.000000  235.500000
105.000000  234.352692
106.000000  233.000000
107.000000  231.647308
108.000000  230.517560
109.000000  229.500000
110.000000  228.482440
111.000000  227.352692
112.000000  226.000000
113.000000  224.647308
114.000000  223.500000
115.000000  222.352692
116.000000  221.000000
117.000000  219.647308
118.000000  218.517560
119.000000  217.500000
120.000000  216.500000
121.000000  215.500000
122.000000  214.500000
123.000000  213.482440
124.000000  212.352692
125.000000  211.000000
126.000000  209.629748
127.000000  208.370252
128.000000  207.000000
129.000000  205.647308
130.000000  204.517560
131.000000  203.500000
132.000000  202.482440
133.000000  201.352692
134.000000  200.000000
135.000000  198.647308
136.000000  197.500000
137.000000  196.352692
138.000000  195.000000
139.000000  193.647308
140.000000  192.500000
141.000000  191.352692
142.000000  190.000000
143.000000  188.629748
144.000000  187.370252
145.000000  186.000000
146.000000  184.629748
147.000000  183.370252
148.000000  181.982440
149.000000  180.517560
150.000000  179.164867
151.000000  178.164867
152.000000  177.552679
153.000000  177.294615
154.000000  177.535119
161.000000  178.052679
162.000000  179.012161
163.000000  181.177029
164.000000  184.864854
165.000000  189.500000
166.000000  194.170265
167.000000  198.170265
168.000000  201.464881
169.000000  204.500000
170.000000  207.500000
171.000000  210.482440
172.000000  213.352692
173.000000  216.000000
174.000000  218.629748
175.000000  221.352692
176.000000  223.852692
177.000000  226.129748
178.000000  228.500000
179.000000  230.852692
180.000000  233.000000
181.000000  235.147308
182.000000  237.500000
183.000000  239.835133
184.000000  241.852692
185.000000  243.647308
186.000000  245.629748
187.000000  247.722944
188.000000  249.482440
189.000000  251.147308
190.000000  253.017560
191.000000  254.982440
192.000000  256.852692
193.000000  258.500000
194.000000  260.129748
195.000000  261.887811
196.000000  263.612189
197.000000  265.352692
198.000000  266.852692
199.000000  268.129748
200.000000  269.517560
201.000000  271.000000
202.000000  272.500000
203.000000  274.000000
204.000000  275.500000
205.000000  277.000000
206.000000  278.500000
207.000000  279.982440
208.000000  281.370252
209.000000  282.647308
210.000000  284.147308
211.000000  285.870252
212.000000  287.482440
213.000000  288.982440
214.000000  290.352692
215.000000  291.500000
216.000000  292.664867
217.000000  294.147308
218.000000  295.852692
219.000000  297.352692
220.000000  298.647308
221.000000  300.147308
222.000000  301.852692
223.000000  303.335133
224.000000  304.500000
225.000000  305.647308
226.000000  307.000000
227.000000  308.370252
228.000000  309.629748
229.000000  311.017560
230.000000  312.500000
231.000000  314.000000
232.000000  315.482440
233.000000  316.852692
234.000000  318.000000
235.000000  319.129748
236.000000  320.387811
237.000000  321.629748
238.000000  323.000000
239.000000  324.352692
240.000000  325.482440
241.000000  326.517560
242.000000  327.647308
243.000000  329.000000
244.000000  330.352692
245.000000  331.500000
246.000000  332.647308
247.000000  334.017560
248.000000  335.500000
249.000000  336.982440
250.000000  338.352692
251.000000  339.482440
252.000000  340.517560
253.000000  341.647308
254.000000  343.000000
255.000000  344.352692
256.000000  345.482440
257.000000  346.500000
258.000000  347.500000
259.000000  348.517560
260.000000  349.629748
261.000000  350.870252
262.000000  352.000000
263.000000  353.129748
264.000000  354.387811
265.000000  355.629748
266.000000  356.982440
267.000000  358.222944
268.000000  359.129748
269.000000  360.147308
270.000000  361.387811
271.000000  362.629748
272.000000  364.000000
273.000000  365.352692
274.000000  366.482440
275.000000  367.517560
