# x,  y
59.000000  400.017560
60.000000  397.500000
61.000000  395.000000
62.000000  392.500000
63.000000  390.000000
64.000000  387.500000
65.000000  385.000000
66.000000  382.500000
67.000000  379.982440
68.000000  377.370252
69.000000  374.612189
70.000000  371.870252
71.000000  369.017560
72.000000  366.277056
73.000000  363.870252
74.000000  361.335133
75.000000  358.500000
76.000000  355.647308
77.000000  353.017560
78.000000  350.500000
79.000000  348.000000
80.000000  345.482440
81.000000  342.852692
82.000000  340.017560
83.000000  337.277056
84.000000  334.870252
85.000000  332.352692
86.000000  329.629748
87.000000  327.000000
88.000000  324.370252
89.000000  321.629748
90.000000  319.000000
91.000000  316.352692
92.000000  313.500000
93.000000  310.664867
94.000000  308.129748
95.000000  305.740504
96.000000  303.112189
97.000000  300.482440
98.000000  297.740504
99.000000  294.759496
100.000000  292.017560
101.000000  289.370252
102.000000  286.629748
103.000000  284.000000
104.000000  281.370252
105.000000  278.629748
106.000000  276.000000
107.000000  273.352692
108.000000  270.500000
109.000000  267.664867
110.000000  265.147308
111.000000  262.852692
112.000000  260.352692
113.000000  257.629748
114.000000  255.000000
115.000000  252.370252
116.000000  249.647308
117.000000  247.147308
118.000000  244.870252
119.000000  242.482440
120.000000  240.000000
121.000000  237.500000
122.000000  235.000000
123.000000  232.517560
124.000000  230.147308
125.000000  228.000000
126.000000  225.852692
127.000000  223.482440
128.000000  221.017560
129.000000  218.664867
130.000000  216.629748
131.000000  214.722944
132.000000  212.464881
133.000000  210.000000
134.000000  207.535119
135.000000  205.277056
136.000000  203.370252
137.000000  201.335133
138.000000  199.000000
139.000000  196.647308
140.000000  194.517560
141.000000  192.500000
142.000000  190.482440
143.000000  188.370252
144.000000  186.147308
145.000000  184.164867
146.000000  182.500000
147.000000  180.887811
148.000000  179.312175
149.000000  178.312175
150.000000  177.887811
151.000000  177.500000
169.000000  177.164867
170.000000  177.199986
171.000000  177.812175
172.000000  179.017560
173.000000  180.352692
174.000000  181.500000
175.000000  182.647308
176.000000  184.052679
177.000000  185.777056
178.000000  187.835133
179.000000  189.575636
180.000000  190.759496
181.000000  192.182427
182.000000  194.017560
183.000000  196.000000
184.000000  198.000000
185.000000  199.982440
186.000000  201.852692
187.000000  203.500000
188.000000  205.147308
189.000000  207.017560
190.000000  209.017560
191.000000  211.129748
192.000000  213.352692
193.000000  215.352692
194.000000  217.147308
195.000000  219.164867
196.000000  221.500000
197.000000  223.852692
198.000000  225.947321
199.000000  227.740504
200.000000  229.277056
201.000000  231.147308
202.000000  233.240504
203.000000  235.129748
204.000000  237.147308
205.000000  239.335133
206.000000  241.170265
207.000000  242.422930
208.000000  243.883846
209.000000  246.682427
210.000000  249.945888
211.000000  252.577070
212.000000  255.017560
213.000000  257.500000
214.000000  260.017560
215.000000  262.629748
216.000000  265.370252
217.000000  268.000000
218.000000  270.647308
219.000000  273.500000
220.000000  276.317573
221.000000  278.705385
222.000000  280.647308
223.000000  282.812175
224.000000  285.517560
225.000000  288.335133
226.000000  290.852692
227.000000  293.129748
228.000000  295.464881
229.000000  297.680993
230.000000  300.048714
231.000000  304.089231
232.000000  309.039084
233.000000  312.877083
234.000000  315.982440
235.000000  318.817573
236.000000  321.135146
