# x,  y
15.000000  344.870252
16.000000  343.129748
17.000000  341.517560
18.000000  340.017560
19.000000  338.629748
20.000000  337.352692
21.000000  335.852692
22.000000  334.129748
23.000000  332.517560
24.000000  331.000000
25.000000  329.500000
26.000000  328.017560
27.000000  326.629748
28.000000  325.352692
29.000000  323.852692
30.000000  322.147308
31.000000  320.647308
32.000000  319.370252
33.000000  318.000000
34.000000  316.629748
35.000000  315.370252
36.000000  313.982440
37.000000  312.500000
38.000000  311.000000
39.000000  309.500000
40.000000  308.000000
41.000000  306.500000
42.000000  305.000000
43.000000  303.500000
44.000000  302.000000
45.000000  300.500000
46.000000  299.000000
47.000000  297.500000
48.000000  296.000000
49.000000  294.500000
50.000000  293.000000
51.000000  291.500000
52.000000  290.000000
53.000000  288.500000
54.000000  287.000000
55.000000  285.500000
56.000000  284.017560
57.000000  282.629748
58.000000  281.370252
59.000000  279.982440
60.000000  278.500000
61.000000  277.000000
62.000000  275.500000
63.000000  274.017560
64.000000  272.629748
65.000000  271.352692
66.000000  269.852692
67.000000  268.147308
68.000000  266.664867
69.000000  265.517560
70.000000  264.482440
71.000000  263.352692
72.000000  261.982440
73.000000  260.500000
74.000000  259.000000
75.000000  257.500000
76.000000  256.000000
77.000000  254.517560
78.000000  253.164867
79.000000  252.129748
80.000000  251.222944
81.000000  249.982440
82.000000  248.629748
83.000000  247.370252
84.000000  245.982440
85.000000  244.517560
86.000000  243.147308
87.000000  241.982440
88.000000  240.722944
89.000000  239.147308
90.000000  237.812175
91.000000  237.000000
92.000000  236.205385
93.000000  234.982440
94.000000  233.647308
95.000000  232.500000
96.000000  231.352692
97.000000  230.000000
98.000000  228.629748
99.000000  227.370252
100.000000  226.000000
101.000000  224.647308
102.000000  223.517560
103.000000  222.500000
104.000000  221.500000
105.000000  220.500000
106.000000  219.482440
107.000000  218.352692
108.000000  217.000000
109.000000  215.647308
110.000000  214.517560
111.000000  213.500000
112.000000  212.500000
113.000000  211.482440
114.000000  210.370252
115.000000  209.129748
116.000000  208.017560
117.000000  207.000000
118.000000  205.982440
119.000000  204.870252
120.000000  203.629748
121.000000  202.517560
122.000000  201.500000
123.000000  200.500000
124.000000  199.500000
125.000000  198.500000
126.000000  197.500000
127.000000  196.482440
128.000000  195.352692
129.000000  194.000000
130.000000  192.664867
131.000000  191.647308
132.000000  190.852692
133.000000  189.852692
134.000000  188.629748
135.000000  187.517560
136.000000  186.500000
137.000000  185.500000
138.000000  184.500000
139.000000  183.482440
140.000000  182.352692
141.000000  181.000000
142.000000  179.647308
143.000000  178.535119
144.000000  177.664867
145.000000  177.164867
146.000000  177.017560
147.000000  177.000000
148.000000  177.017560
164.000000  177.182427
165.000000  177.829735
166.000000  179.199986
167.000000  181.164867
168.000000  183.535119
169.000000  186.129748
170.000000  188.852692
171.000000  191.352692
172.000000  193.629748
173.000000  196.017560
174.000000  198.482440
175.000000  200.852692
176.000000  202.982440
177.000000  205.000000
178.000000  207.000000
179.000000  209.017560
180.000000  211.129748
181.000000  213.352692
182.000000  215.352692
183.000000  217.129748
184.000000  219.017560
185.000000  220.982440
186.000000  222.852692
187.000000  224.500000
188.000000  226.147308
189.000000  228.000000
190.000000  229.870252
191.000000  231.629748
192.000000  233.500000
193.000000  235.352692
194.000000  236.964881
195.000000  238.370252
196.000000  239.629748
197.000000  241.017560
198.000000  242.517560
199.000000  244.129748
200.000000  245.852692
201.000000  247.352692
202.000000  248.629748
203.000000  250.000000
204.000000  251.352692
205.000000  252.500000
206.000000  253.664867
207.000000  255.147308
208.000000  256.852692
209.000000  258.352692
210.000000  259.629748
211.000000  261.017560
212.000000  262.500000
213.000000  264.000000
214.000000  265.500000
215.000000  266.982440
216.000000  268.370252
217.000000  269.629748
218.000000  271.000000
219.000000  272.370252
220.000000  273.629748
221.000000  275.017560
222.000000  276.500000
223.000000  278.000000
224.000000  279.500000
225.000000  280.982440
226.000000  282.352692
227.000000  283.500000
228.000000  284.647308
229.000000  286.000000
230.000000  287.352692
231.000000  288.500000
232.000000  289.647308
233.000000  291.000000
234.000000  292.352692
235.000000  293.500000
236.000000  294.647308
237.000000  296.000000
238.000000  297.352692
239.000000  298.482440
240.000000  299.517560
241.000000  300.647308
242.000000  301.982440
243.000000  303.222944
244.000000  304.129748
245.000000  305.147308
246.000000  306.387811
247.000000  307.629748
248.000000  309.000000
249.000000  310.352692
250.000000  311.482440
251.000000  312.500000
252.000000  313.517560
253.000000  314.629748
254.000000  315.870252
255.000000  316.982440
256.000000  317.982440
257.000000  318.887811
258.000000  319.777056
259.000000  321.017560
260.000000  322.352692
261.000000  323.482440
262.000000  324.500000
263.000000  325.517560
264.000000  326.647308
265.000000  328.000000
266.000000  329.352692
267.000000  330.500000
268.000000  331.647308
269.000000  332.982440
270.000000  334.222944
271.000000  335.129748
272.000000  336.129748
273.000000  337.240504
274.000000  338.129748
275.000000  339.129748
276.000000  340.222944
277.000000  341.017560
278.000000  341.924364
279.000000  343.370252
280.000000  344.705385
281.000000  345.612189
