# x,  y
62.000000  397.500000
63.000000  393.870252
64.000000  390.129748
65.000000  386.517560
66.000000  383.017560
67.000000  379.612189
68.000000  376.222944
69.000000  372.482440
70.000000  368.647308
71.000000  365.017560
72.000000  361.482440
73.000000  357.870252
74.000000  354.147308
75.000000  350.647308
76.000000  347.352692
77.000000  343.835133
78.000000  340.000000
79.000000  336.147308
80.000000  332.500000
81.000000  328.870252
82.000000  325.129748
83.000000  321.535119
84.000000  318.147308
85.000000  315.000000
86.000000  311.852692
87.000000  308.482440
88.000000  305.017560
89.000000  301.647308
90.000000  298.517560
91.000000  295.482440
92.000000  292.335133
93.000000  288.870252
94.000000  285.277056
95.000000  282.017560
96.000000  278.870252
97.000000  275.647308
98.000000  272.647308
99.000000  269.852692
100.000000  266.852692
101.000000  263.629748
102.000000  260.552679
103.000000  257.777056
104.000000  255.370252
105.000000  252.870252
106.000000  250.277056
107.000000  248.035119
108.000000  246.000000
109.000000  243.982440
110.000000  241.852692
111.000000  239.500000
112.000000  237.129748
113.000000  234.870252
114.000000  232.517560
115.000000  230.277056
116.000000  228.370252
117.000000  226.352692
118.000000  224.129748
119.000000  222.017560
120.000000  220.000000
121.000000  218.000000
122.000000  216.000000
123.000000  214.000000
124.000000  212.017560
125.000000  210.147308
126.000000  208.500000
127.000000  206.852692
128.000000  204.982440
129.000000  203.017560
130.000000  201.147308
131.000000  199.500000
132.000000  197.870252
133.000000  196.129748
134.000000  194.500000
135.000000  192.870252
136.000000  191.129748
137.000000  189.517560
138.000000  188.017560
139.000000  186.629748
140.000000  185.370252
141.000000  183.982440
142.000000  182.500000
143.000000  181.017560
144.000000  179.664867
145.000000  178.664867
146.000000  178.000000
147.000000  177.370252
148.000000  176.647308
171.000000  176.182427
172.000000  176.182427
173.000000  176.664867
174.000000  177.517560
175.000000  178.500000
176.000000  179.500000
177.000000  180.500000
178.000000  181.517560
179.000000  182.647308
180.000000  184.000000
181.000000  185.370252
182.000000  186.629748
183.000000  188.000000
184.000000  189.370252
185.000000  190.629748
186.000000  192.000000
187.000000  193.370252
188.000000  194.647308
189.000000  196.147308
190.000000  197.870252
191.000000  199.500000
192.000000  201.147308
193.000000  202.982440
194.000000  204.722944
195.000000  206.147308
196.000000  207.777056
197.000000  209.775623
198.000000  211.759496
199.000000  214.000000
200.000000  216.222944
201.000000  218.112189
202.000000  220.052679
203.000000  222.259496
204.000000  224.670265
205.000000  226.375650
206.000000  227.070238
207.000000  228.160902
208.000000  230.852692
209.000000  233.426895
210.000000  234.943357
211.000000  237.494602
212.000000  240.963448
213.000000  243.964881
214.000000  246.794615
215.000000  250.017560
216.000000  253.335133
217.000000  256.335133
218.000000  259.017560
219.000000  261.794615
220.000000  265.052679
221.000000  268.629748
222.000000  272.317573
223.000000  275.593196
224.000000  278.389245
225.000000  281.464881
226.000000  284.351259
227.000000  286.754098
228.000000  290.348727
229.000000  295.109322
230.000000  299.171699
231.000000  303.052679
232.000000  307.182427
