# x,  y
50.000000  325.517560
51.000000  324.000000
52.000000  322.482440
53.000000  320.870252
54.000000  319.147308
55.000000  317.629748
56.000000  316.222944
57.000000  314.500000
58.000000  312.777056
59.000000  311.370252
60.000000  309.852692
61.000000  308.147308
62.000000  306.647308
63.000000  305.352692
64.000000  303.835133
65.000000  302.017560
66.000000  300.294615
67.000000  299.000000
68.000000  297.705385
69.000000  295.982440
70.000000  294.147308
71.000000  292.517560
72.000000  291.017560
73.000000  289.629748
74.000000  288.335133
75.000000  286.705385
76.000000  284.629748
77.000000  282.647308
78.000000  280.887811
79.000000  279.129748
80.000000  277.517560
81.000000  276.000000
82.000000  274.500000
83.000000  273.017560
84.000000  271.629748
85.000000  270.335133
86.000000  268.722944
87.000000  266.794615
88.000000  265.277056
89.000000  264.093196
90.000000  262.482440
91.000000  260.759496
92.000000  259.240504
93.000000  257.482440
94.000000  255.629748
95.000000  253.887811
96.000000  252.129748
97.000000  250.535119
98.000000  249.147308
99.000000  248.000000
100.000000  246.835133
101.000000  245.335133
102.000000  243.500000
103.000000  241.629748
104.000000  239.887811
105.000000  238.147308
106.000000  236.647308
107.000000  235.387811
108.000000  234.129748
109.000000  232.982440
110.000000  231.722944
111.000000  230.112189
112.000000  228.500000
113.000000  226.870252
114.000000  225.147308
115.000000  223.647308
116.000000  222.370252
117.000000  220.982440
118.000000  219.500000
119.000000  218.000000
120.000000  216.500000
121.000000  215.000000
122.000000  213.500000
123.000000  212.017560
124.000000  210.629748
125.000000  209.370252
126.000000  207.982440
127.000000  206.500000
128.000000  205.000000
129.000000  203.500000
130.000000  202.017560
131.000000  200.629748
132.000000  199.370252
133.000000  197.982440
134.000000  196.500000
135.000000  195.000000
136.000000  193.500000
137.000000  192.017560
138.000000  190.629748
139.000000  189.352692
140.000000  187.852692
141.000000  186.129748
142.000000  184.517560
143.000000  183.000000
144.000000  181.500000
145.000000  180.035119
146.000000  178.794615
147.000000  178.035119
148.000000  177.517560
149.000000  177.164867
150.000000  177.164867
159.000000  177.535119
160.000000  178.217546
161.000000  179.659469
162.000000  182.547280
163.000000  186.812175
164.000000  191.705385
165.000000  196.187825
166.000000  200.112189
167.000000  204.000000
168.000000  207.870252
169.000000  211.612189
170.000000  215.335133
171.000000  218.740504
172.000000  221.906804
173.000000  225.517560
174.000000  229.205385
175.000000  232.464881
176.000000  235.500000
177.000000  238.500000
178.000000  241.500000
179.000000  244.500000
180.000000  247.482440
181.000000  250.370252
182.000000  253.129748
183.000000  256.000000
184.000000  258.870252
185.000000  261.629748
186.000000  264.500000
187.000000  267.352692
188.000000  269.982440
189.000000  272.482440
190.000000  274.852692
191.000000  276.982440
192.000000  279.017560
193.000000  281.129748
194.000000  283.370252
195.000000  285.482440
196.000000  287.500000
197.000000  289.552679
198.000000  291.924364
199.000000  294.870252
200.000000  297.670265
201.000000  299.782454
202.000000  301.293182
203.000000  302.901406
204.000000  305.959483
205.000000  309.798580
206.000000  312.782454
207.000000  315.129748
208.000000  317.500000
209.000000  319.870252
210.000000  322.129748
211.000000  324.500000
212.000000  326.870252
213.000000  329.129748
214.000000  331.500000
215.000000  333.852692
216.000000  336.000000
217.000000  338.129748
218.000000  340.352692
219.000000  342.370252
220.000000  344.277056
221.000000  346.517560
222.000000  348.852692
223.000000  351.000000
224.000000  353.112189
225.000000  355.222944
226.000000  357.000000
227.000000  358.777056
228.000000  360.887811
229.000000  362.982440
230.000000  365.000000
231.000000  367.000000
232.000000  369.000000
233.000000  371.017560
234.000000  373.129748
235.000000  375.370252
236.000000  377.482440
237.000000  379.482440
238.000000  381.370252
239.000000  383.129748
240.000000  385.017560
241.000000  387.000000
242.000000  389.017560
243.000000  391.129748
244.000000  393.352692
245.000000  395.335133
