# x,  y
40.000000  388.000000
41.000000  386.500000
42.000000  385.017560
43.000000  383.629748
44.000000  382.370252
45.000000  380.982440
46.000000  379.500000
47.000000  378.000000
48.000000  376.500000
49.000000  375.017560
50.000000  373.629748
51.000000  372.370252
52.000000  371.000000
53.000000  369.629748
54.000000  368.370252
55.000000  366.982440
56.000000  365.500000
57.000000  364.000000
58.000000  362.500000
59.000000  361.017560
60.000000  359.629748
61.000000  358.370252
62.000000  357.000000
63.000000  355.629748
64.000000  354.352692
65.000000  352.852692
66.000000  351.147308
67.000000  349.647308
68.000000  348.352692
69.000000  346.852692
70.000000  345.147308
71.000000  343.647308
72.000000  342.370252
73.000000  340.982440
74.000000  339.500000
75.000000  338.000000
76.000000  336.500000
77.000000  335.017560
78.000000  333.629748
79.000000  332.370252
80.000000  330.982440
81.000000  329.500000
82.000000  328.000000
83.000000  326.500000
84.000000  325.000000
85.000000  323.500000
86.000000  322.000000
87.000000  320.500000
88.000000  319.017560
89.000000  317.629748
90.000000  316.352692
91.000000  314.852692
92.000000  313.129748
93.000000  311.517560
94.000000  310.000000
95.000000  308.500000
96.000000  307.000000
97.000000  305.482440
98.000000  303.870252
99.000000  302.129748
100.000000  300.517560
101.000000  299.000000
102.000000  297.482440
103.000000  295.852692
104.000000  294.000000
105.000000  292.147308
106.000000  290.500000
107.000000  288.852692
108.000000  287.000000
109.000000  285.147308
110.000000  283.500000
111.000000  281.870252
112.000000  280.129748
113.000000  278.500000
114.000000  276.852692
115.000000  274.982440
116.000000  273.000000
117.000000  271.000000
118.000000  269.000000
119.000000  267.000000
120.000000  265.017560
121.000000  263.129748
122.000000  261.370252
123.000000  259.482440
124.000000  257.482440
125.000000  255.370252
126.000000  253.129748
127.000000  251.017560
128.000000  249.000000
129.000000  246.982440
130.000000  244.852692
131.000000  242.500000
132.000000  240.147308
133.000000  238.000000
134.000000  235.852692
135.000000  233.482440
136.000000  231.000000
137.000000  228.517560
138.000000  226.129748
139.000000  223.870252
140.000000  221.482440
141.000000  219.000000
142.000000  216.517560
143.000000  214.129748
144.000000  211.852692
145.000000  209.335133
146.000000  206.482440
147.000000  203.500000
148.000000  200.500000
149.000000  197.500000
150.000000  194.482440
151.000000  191.352692
152.000000  187.982440
153.000000  184.535119
154.000000  181.364854
155.000000  179.141910
156.000000  178.217546
157.000000  178.017560
162.000000  178.000000
163.000000  178.035119
164.000000  178.347294
165.000000  179.459483
166.000000  181.405371
167.000000  183.482440
168.000000  185.464881
169.000000  187.222944
170.000000  188.629748
171.000000  190.164867
172.000000  192.017560
173.000000  194.000000
174.000000  195.982440
175.000000  197.852692
176.000000  199.482440
177.000000  201.017560
178.000000  202.664867
179.000000  204.629748
180.000000  206.722944
181.000000  208.482440
182.000000  210.129748
183.000000  211.870252
184.000000  213.482440
185.000000  215.017560
186.000000  216.664867
187.000000  218.629748
188.000000  220.705385
189.000000  222.335133
190.000000  223.629748
191.000000  225.035119
192.000000  226.647308
193.000000  228.500000
194.000000  230.370252
195.000000  232.147308
196.000000  234.129748
197.000000  236.170265
198.000000  237.558077
199.000000  238.277056
200.000000  239.329735
201.000000  241.017560
202.000000  242.852692
203.000000  244.464881
204.000000  245.835133
205.000000  246.870252
206.000000  247.812175
207.000000  249.312175
208.000000  251.370252
209.000000  253.352692
210.000000  255.112189
211.000000  256.870252
212.000000  258.482440
213.000000  260.000000
214.000000  261.517560
215.000000  263.129748
216.000000  264.870252
217.000000  266.500000
218.000000  268.147308
219.000000  270.000000
220.000000  271.852692
221.000000  273.482440
222.000000  275.000000
223.000000  276.500000
224.000000  278.000000
225.000000  279.517560
226.000000  281.147308
227.000000  283.000000
228.000000  284.852692
229.000000  286.482440
230.000000  288.000000
231.000000  289.500000
232.000000  291.017560
233.000000  292.629748
234.000000  294.370252
235.000000  296.000000
236.000000  297.629748
237.000000  299.387811
238.000000  301.129748
239.000000  303.017560
240.000000  305.000000
241.000000  307.000000
242.000000  309.000000
243.000000  311.000000
244.000000  312.982440
245.000000  314.852692
246.000000  316.482440
247.000000  317.982440
248.000000  319.335133
249.000000  320.387811
250.000000  321.441923
251.000000  323.129748
252.000000  324.998567
253.000000  326.536552
254.000000  328.647308
255.000000  330.945888
256.000000  332.577070
