# x,  y
43.000000  297.370252
44.000000  294.870252
45.000000  292.294615
46.000000  290.164867
47.000000  288.335133
48.000000  286.205385
49.000000  283.629748
50.000000  281.147308
51.000000  278.887811
52.000000  276.664867
53.000000  274.777056
54.000000  273.222944
55.000000  271.317573
56.000000  269.017560
57.000000  266.812175
58.000000  265.147308
59.000000  263.722944
60.000000  261.964881
61.000000  260.017560
62.000000  258.147308
63.000000  256.517560
64.000000  255.000000
65.000000  253.482440
66.000000  251.870252
67.000000  250.129748
68.000000  248.517560
69.000000  247.017560
70.000000  245.647308
71.000000  244.517560
72.000000  243.482440
73.000000  242.352692
74.000000  241.000000
75.000000  239.647308
76.000000  238.500000
77.000000  237.352692
78.000000  236.000000
79.000000  234.647308
80.000000  233.517560
81.000000  232.500000
82.000000  231.500000
83.000000  230.482440
84.000000  229.352692
85.000000  228.000000
86.000000  226.647308
87.000000  225.517560
88.000000  224.500000
89.000000  223.500000
90.000000  222.500000
91.000000  221.517560
92.000000  220.629748
93.000000  219.852692
94.000000  218.852692
95.000000  217.629748
96.000000  216.517560
97.000000  215.517560
98.000000  214.647308
99.000000  214.000000
100.000000  213.352692
101.000000  212.482440
102.000000  211.500000
103.000000  210.500000
104.000000  209.500000
105.000000  208.500000
106.000000  207.500000
107.000000  206.500000
108.000000  205.500000
109.000000  204.500000
110.000000  203.517560
111.000000  202.629748
112.000000  201.870252
113.000000  201.000000
114.000000  200.129748
115.000000  199.370252
116.000000  198.482440
117.000000  197.500000
118.000000  196.500000
119.000000  195.517560
120.000000  194.647308
121.000000  194.000000
122.000000  193.352692
123.000000  192.500000
124.000000  191.629748
125.000000  190.870252
126.000000  190.000000
127.000000  189.129748
128.000000  188.370252
129.000000  187.482440
130.000000  186.517560
131.000000  185.647308
132.000000  185.000000
133.000000  184.352692
134.000000  183.482440
135.000000  182.500000
136.000000  181.500000
137.000000  180.517560
138.000000  179.647308
139.000000  179.000000
140.000000  178.370252
141.000000  177.647308
142.000000  177.147308
143.000000  176.852692
144.000000  176.352692
145.000000  175.664867
173.000000  175.312175
174.000000  175.535119
175.000000  176.017560
176.000000  176.647308
177.000000  177.500000
178.000000  178.352692
179.000000  179.017560
180.000000  179.777056
181.000000  180.870252
182.000000  181.852692
183.000000  182.629748
184.000000  183.517560
185.000000  184.500000
186.000000  185.500000
187.000000  186.500000
188.000000  187.517560
189.000000  188.647308
190.000000  190.000000
191.000000  191.352692
192.000000  192.482440
193.000000  193.500000
194.000000  194.517560
195.000000  195.647308
196.000000  197.000000
197.000000  198.370252
198.000000  199.629748
199.000000  201.017560
200.000000  202.500000
201.000000  203.982440
202.000000  205.352692
203.000000  206.500000
204.000000  207.647308
205.000000  209.017560
206.000000  210.500000
207.000000  212.000000
208.000000  213.500000
209.000000  214.982440
210.000000  216.370252
211.000000  217.647308
212.000000  219.147308
213.000000  220.870252
214.000000  222.464881
215.000000  223.870252
216.000000  225.164867
217.000000  226.777056
218.000000  228.740504
219.000000  230.482440
220.000000  232.147308
221.000000  234.017560
222.000000  236.017560
223.000000  238.147308
224.000000  240.517560
225.000000  243.000000
226.000000  245.500000
227.000000  248.017560
228.000000  250.629748
229.000000  253.370252
230.000000  255.982440
231.000000  258.517560
232.000000  261.147308
233.000000  264.017560
234.000000  267.017560
235.000000  270.129748
236.000000  273.370252
237.000000  276.500000
238.000000  279.664867
239.000000  283.147308
240.000000  286.852692
241.000000  290.352692
242.000000  293.647308
243.000000  297.147308
244.000000  300.852692
245.000000  304.370252
246.000000  307.759496
247.000000  311.387811
248.000000  315.035119
249.000000  318.941923
250.000000  323.517560
251.000000  328.170265
252.000000  332.117587
253.000000  335.198553
254.000000  338.508196
255.000000  344.324336
256.000000  351.886378
257.000000  359.154139
