# Each column is one frame
-0.000000 -0.000000 0.000000 -0.000000 -0.000000 -0.000000 -0.000000 -0.000000 -0.000000 -0.000000 -0.000000 -0.000000 -0.000000 -0.000000 -0.000000 -0.000000 -0.000000 -0.000000 -0.000000 -0.000000 
0.000737 0.001815 0.002701 0.003315 0.003609 0.003562 0.003183 0.002509 0.001600 0.000538 -0.000580 -0.001648 -0.002564 -0.003234 -0.003586 -0.003581 -0.003214 -0.002520 -0.001570 -0.000462 
0.001440 0.003582 0.005345 0.006573 0.007165 0.007081 0.006338 0.005007 0.003208 0.001103 -0.001116 -0.003241 -0.005065 -0.006403 -0.007113 -0.007112 -0.006393 -0.005024 -0.003144 -0.000946 
0.002106 0.005300 0.007933 0.009772 0.010667 0.010557 0.009464 0.007494 0.004824 0.001695 -0.001610 -0.004779 -0.007504 -0.009509 -0.010580 -0.010594 -0.009538 -0.007511 -0.004720 -0.001452 
0.002739 0.006970 0.010465 0.012913 0.014115 0.013987 0.012560 0.009968 0.006447 0.002312 -0.002061 -0.006261 -0.009879 -0.012549 -0.013986 -0.014026 -0.012647 -0.009981 -0.006299 -0.001980 
0.003336 0.008592 0.012940 0.015995 0.017508 0.017373 0.015625 0.012430 0.008076 0.002954 -0.002470 -0.007688 -0.012192 -0.015525 -0.017332 -0.017406 -0.015719 -0.012432 -0.007878 -0.002528 
0.003900 0.010166 0.015359 0.019018 0.020846 0.020713 0.018658 0.014878 0.009711 0.003621 -0.002838 -0.009060 -0.014441 -0.018435 -0.020615 -0.020734 -0.018754 -0.014863 -0.009458 -0.003096 
0.004430 0.011693 0.017721 0.021982 0.024128 0.024007 0.021660 0.017311 0.011351 0.004312 -0.003164 -0.010378 -0.016628 -0.021279 -0.023836 -0.024009 -0.021750 -0.017275 -0.011038 -0.003684 
0.004927 0.013171 0.020027 0.024887 0.027354 0.027253 0.024628 0.019729 0.012994 0.005027 -0.003450 -0.011641 -0.018751 -0.024057 -0.026995 -0.027231 -0.024707 -0.019665 -0.012617 -0.004291 
0.005390 0.014603 0.022276 0.027732 0.030523 0.030453 0.027563 0.022131 0.014641 0.005764 -0.003696 -0.012851 -0.020811 -0.026768 -0.030091 -0.030398 -0.027625 -0.022034 -0.014194 -0.004916 
0.005822 0.015987 0.024469 0.030517 0.033636 0.033604 0.030464 0.024516 0.016291 0.006523 -0.003901 -0.014006 -0.022807 -0.029414 -0.033122 -0.033512 -0.030502 -0.024380 -0.015769 -0.005559 
0.006221 0.017325 0.026606 0.033242 0.036692 0.036707 0.033330 0.026883 0.017942 0.007303 -0.004068 -0.015107 -0.024741 -0.031992 -0.036090 -0.036570 -0.033339 -0.026704 -0.017341 -0.006220 
0.006588 0.018616 0.028686 0.035907 0.039690 0.039761 0.036161 0.029233 0.019595 0.008105 -0.004196 -0.016156 -0.026612 -0.034504 -0.038994 -0.039572 -0.036133 -0.029004 -0.018910 -0.006897 
0.006925 0.019860 0.030710 0.038513 0.042631 0.042766 0.038956 0.031564 0.021249 0.008927 -0.004285 -0.017151 -0.028420 -0.036949 -0.041833 -0.042519 -0.038886 -0.031279 -0.020474 -0.007590 
0.007231 0.021059 0.032679 0.041058 0.045514 0.045721 0.041715 0.033876 0.022902 0.009768 -0.004337 -0.018094 -0.030165 -0.039327 -0.044608 -0.045409 -0.041596 -0.033530 -0.022034 -0.008299 
0.007506 0.022213 0.034591 0.043544 0.048339 0.048626 0.044437 0.036168 0.024555 0.010628 -0.004352 -0.018984 -0.031848 -0.041639 -0.047317 -0.048242 -0.044262 -0.035754 -0.023588 -0.009022 
0.007752 0.023321 0.036448 0.045970 0.051106 0.051481 0.047122 0.038440 0.026206 0.011507 -0.004330 -0.019823 -0.033469 -0.043883 -0.049962 -0.051018 -0.046885 -0.037953 -0.025135 -0.009760 
0.007968 0.024384 0.038250 0.048336 0.053815 0.054286 0.049768 0.040690 0.027856 0.012403 -0.004272 -0.020611 -0.035028 -0.046061 -0.052541 -0.053736 -0.049463 -0.040125 -0.026677 -0.010512 
0.008155 0.025403 0.039997 0.050642 0.056466 0.057040 0.052377 0.042919 0.029503 0.013317 -0.004178 -0.021347 -0.036525 -0.048172 -0.055054 -0.056397 -0.051997 -0.042270 -0.028210 -0.011277 
0.008314 0.026378 0.041689 0.052888 0.059058 0.059742 0.054947 0.045126 0.031147 0.014247 -0.004049 -0.022034 -0.037961 -0.050217 -0.057503 -0.058999 -0.054485 -0.044387 -0.029736 -0.012054 
0.008446 0.027309 0.043326 0.055075 0.061592 0.062394 0.057478 0.047310 0.032787 0.015192 -0.003887 -0.022670 -0.039335 -0.052195 -0.059885 -0.061543 -0.056929 -0.046476 -0.031254 -0.012844 
0.008550 0.028197 0.044910 0.057203 0.064068 0.064994 0.059970 0.049471 0.034423 0.016154 -0.003690 -0.023257 -0.040650 -0.054107 -0.062203 -0.064029 -0.059326 -0.048536 -0.032762 -0.013644 
0.008627 0.029043 0.046439 0.059272 0.066486 0.067542 0.062423 0.051609 0.036054 0.017129 -0.003460 -0.023795 -0.041904 -0.055953 -0.064455 -0.066456 -0.061677 -0.050566 -0.034261 -0.014456 
0.008677 0.029846 0.047915 0.061282 0.068845 0.070039 0.064835 0.053722 0.037679 0.018119 -0.003198 -0.024285 -0.043098 -0.057733 -0.066641 -0.068824 -0.063982 -0.052567 -0.035750 -0.015278 
0.008702 0.030607 0.049339 0.063233 0.071146 0.072484 0.067207 0.055811 0.039299 0.019122 -0.002903 -0.024727 -0.044233 -0.059448 -0.068762 -0.071134 -0.066240 -0.054539 -0.037228 -0.016110 
0.008702 0.031327 0.050709 0.065126 0.073389 0.074878 0.069539 0.057876 0.040912 0.020138 -0.002577 -0.025121 -0.045308 -0.061097 -0.070818 -0.073385 -0.068451 -0.056479 -0.038696 -0.016951 
0.008677 0.032006 0.052027 0.066960 0.075574 0.077219 0.071831 0.059915 0.042518 0.021167 -0.002221 -0.025469 -0.046326 -0.062682 -0.072809 -0.075576 -0.070615 -0.058389 -0.040151 -0.017801 
0.008627 0.032644 0.053293 0.068737 0.077702 0.079509 0.074081 0.061929 0.044117 0.022207 -0.001834 -0.025771 -0.047285 -0.064202 -0.074735 -0.077709 -0.072732 -0.060268 -0.041595 -0.018659 
0.008554 0.033243 0.054508 0.070457 0.079771 0.081746 0.076291 0.063917 0.045707 0.023258 -0.001418 -0.026027 -0.048187 -0.065658 -0.076596 -0.079782 -0.074801 -0.062115 -0.043027 -0.019524 
0.008457 0.033802 0.055672 0.072119 0.081784 0.083932 0.078459 0.065878 0.047290 0.024320 -0.000973 -0.026238 -0.049031 -0.067051 -0.078393 -0.081797 -0.076823 -0.063931 -0.044445 -0.020397 
0.008338 0.034323 0.056785 0.073724 0.083739 0.086066 0.080586 0.067813 0.048863 0.025391 -0.000499 -0.026405 -0.049820 -0.068380 -0.080126 -0.083753 -0.078796 -0.065714 -0.045850 -0.021276 
0.008197 0.034805 0.057848 0.075273 0.085637 0.088148 0.082671 0.069722 0.050427 0.026472 0.000002 -0.026528 -0.050552 -0.069646 -0.081794 -0.085650 -0.080722 -0.067465 -0.047241 -0.022161 
0.008033 0.035249 0.058862 0.076766 0.087479 0.090178 0.084715 0.071603 0.051981 0.027562 0.000530 -0.026608 -0.051229 -0.070849 -0.083400 -0.087489 -0.082600 -0.069184 -0.048619 -0.023051 
0.007849 0.035656 0.059826 0.078204 0.089264 0.092156 0.086718 0.073456 0.053525 0.028660 0.001085 -0.026645 -0.051852 -0.071991 -0.084941 -0.089269 -0.084430 -0.070869 -0.049981 -0.023947 
0.007644 0.036026 0.060742 0.079586 0.090992 0.094084 0.088678 0.075283 0.055058 0.029766 0.001666 -0.026641 -0.052420 -0.073071 -0.086420 -0.090990 -0.086212 -0.072522 -0.051329 -0.024847 
0.007419 0.036360 0.061610 0.080913 0.092665 0.095959 0.090597 0.077081 0.056581 0.030880 0.002272 -0.026595 -0.052934 -0.074090 -0.087837 -0.092654 -0.087946 -0.074141 -0.052662 -0.025751 
0.007174 0.036658 0.062430 0.082186 0.094283 0.097784 0.092475 0.078851 0.058091 0.032000 0.002902 -0.026509 -0.053396 -0.075049 -0.089191 -0.094259 -0.089631 -0.075727 -0.053979 -0.026659 
0.006911 0.036922 0.063204 0.083405 0.095845 0.099557 0.094310 0.080593 0.059591 0.033126 0.003557 -0.026383 -0.053805 -0.075948 -0.090483 -0.095807 -0.091269 -0.077280 -0.055280 -0.027570 
0.006628 0.037150 0.063930 0.084571 0.097352 0.101280 0.096104 0.082306 0.061078 0.034258 0.004235 -0.026217 -0.054162 -0.076787 -0.091713 -0.097297 -0.092859 -0.078799 -0.056564 -0.028483 
0.006328 0.037345 0.064611 0.085683 0.098804 0.102952 0.097856 0.083991 0.062552 0.035395 0.004935 -0.026013 -0.054469 -0.077568 -0.092883 -0.098730 -0.094401 -0.080283 -0.057832 -0.029399 
0.006010 0.037506 0.065246 0.086744 0.100203 0.104574 0.099566 0.085647 0.064014 0.036537 0.005658 -0.025771 -0.054725 -0.078290 -0.093992 -0.100106 -0.095895 -0.081734 -0.059084 -0.030316 
0.005675 0.037634 0.065837 0.087752 0.101548 0.106145 0.101235 0.087275 0.065462 0.037683 0.006403 -0.025492 -0.054931 -0.078954 -0.095042 -0.101426 -0.097342 -0.083151 -0.060318 -0.031235 
0.005324 0.037730 0.066383 0.088709 0.102839 0.107667 0.102862 0.088873 0.066898 0.038833 0.007169 -0.025175 -0.055088 -0.079562 -0.096031 -0.102689 -0.098741 -0.084534 -0.061535 -0.032154 
0.004956 0.037794 0.066885 0.089614 0.104078 0.109139 0.104448 0.090442 0.068319 0.039986 0.007955 -0.024823 -0.055196 -0.080113 -0.096962 -0.103896 -0.100092 -0.085882 -0.062734 -0.033074 
0.004573 0.037827 0.067344 0.090470 0.105264 0.110561 0.105992 0.091982 0.069727 0.041142 0.008761 -0.024436 -0.055257 -0.080608 -0.097833 -0.105047 -0.101396 -0.087197 -0.063915 -0.033994 
0.004175 0.037830 0.067761 0.091275 0.106397 0.111935 0.107496 0.093493 0.071120 0.042301 0.009586 -0.024013 -0.055270 -0.081048 -0.098647 -0.106143 -0.102653 -0.088477 -0.065078 -0.034913 
0.003762 0.037802 0.068136 0.092031 0.107480 0.113259 0.108958 0.094974 0.072498 0.043461 0.010431 -0.023557 -0.055237 -0.081433 -0.099403 -0.107185 -0.103864 -0.089722 -0.066222 -0.035832 
0.003335 0.037745 0.068469 0.092738 0.108511 0.114535 0.110379 0.096426 0.073862 0.044624 0.011293 -0.023067 -0.055159 -0.081765 -0.100103 -0.108171 -0.105027 -0.090934 -0.067348 -0.036750 
0.002895 0.037658 0.068762 0.093397 0.109491 0.115763 0.111759 0.097848 0.075211 0.045787 0.012173 -0.022545 -0.055035 -0.082043 -0.100745 -0.109104 -0.106144 -0.092111 -0.068455 -0.037666 
0.002441 0.037544 0.069014 0.094009 0.110421 0.116943 0.113098 0.099241 0.076545 0.046951 0.013070 -0.021990 -0.054867 -0.082268 -0.101332 -0.109982 -0.107215 -0.093253 -0.069544 -0.038580 
0.001975 0.037401 0.069226 0.094573 0.111301 0.118076 0.114397 0.100605 0.077863 0.048116 0.013983 -0.021404 -0.054655 -0.082442 -0.101864 -0.110808 -0.108239 -0.094362 -0.070613 -0.039492 
0.001496 0.037231 0.069400 0.095090 0.112132 0.119162 0.115656 0.101939 0.079166 0.049280 0.014913 -0.020787 -0.054400 -0.082564 -0.102340 -0.111580 -0.109218 -0.095436 -0.071663 -0.040401 
0.001006 0.037035 0.069535 0.095562 0.112914 0.120200 0.116875 0.103243 0.080452 0.050444 0.015858 -0.020139 -0.054103 -0.082635 -0.102763 -0.112301 -0.110152 -0.096476 -0.072693 -0.041307 
0.000504 0.036812 0.069632 0.095988 0.113648 0.121193 0.118054 0.104518 0.081723 0.051608 0.016818 -0.019463 -0.053764 -0.082657 -0.103132 -0.112969 -0.111040 -0.097482 -0.073704 -0.042210 
-0.000008 0.036564 0.069692 0.096369 0.114334 0.122139 0.119193 0.105764 0.082978 0.052770 0.017792 -0.018757 -0.053384 -0.082629 -0.103448 -0.113585 -0.111883 -0.098455 -0.074695 -0.043110 
-0.000531 0.036290 0.069715 0.096706 0.114972 0.123040 0.120292 0.106980 0.084216 0.053931 0.018780 -0.018023 -0.052963 -0.082552 -0.103712 -0.114151 -0.112681 -0.099393 -0.075666 -0.044005 
-0.001064 0.035992 0.069702 0.097000 0.115564 0.123896 0.121353 0.108167 0.085437 0.055090 0.019782 -0.017261 -0.052503 -0.082428 -0.103924 -0.114666 -0.113435 -0.100297 -0.076617 -0.044896 
-0.001607 0.035670 0.069653 0.097250 0.116110 0.124707 0.122374 0.109325 0.086643 0.056247 0.020797 -0.016472 -0.052004 -0.082256 -0.104084 -0.115131 -0.114145 -0.101168 -0.077548 -0.045783 
-0.002158 0.035324 0.069570 0.097458 0.116610 0.125473 0.123357 0.110453 0.087831 0.057401 0.021824 -0.015657 -0.051467 -0.082038 -0.104195 -0.115547 -0.114812 -0.102005 -0.078459 -0.046665 
-0.002719 0.034956 0.069452 0.097623 0.117065 0.126196 0.124302 0.111553 0.089002 0.058553 0.022863 -0.014816 -0.050893 -0.081774 -0.104255 -0.115913 -0.115434 -0.102808 -0.079350 -0.047542 
-0.003288 0.034565 0.069300 0.097748 0.117475 0.126875 0.125208 0.112623 0.090157 0.059701 0.023913 -0.013950 -0.050281 -0.081464 -0.104266 -0.116231 -0.116014 -0.103579 -0.080221 -0.048413 
-0.003864 0.034152 0.069116 0.097831 0.117841 0.127511 0.126076 0.113664 0.091294 0.060847 0.024975 -0.013059 -0.049633 -0.081111 -0.104228 -0.116501 -0.116551 -0.104316 -0.081071 -0.049279 
-0.004449 0.033717 0.068898 0.097875 0.118163 0.128104 0.126907 0.114677 0.092415 0.061988 0.026047 -0.012144 -0.048950 -0.080713 -0.104143 -0.116723 -0.117046 -0.105020 -0.081901 -0.050139 
-0.005040 0.033262 0.068649 0.097879 0.118443 0.128655 0.127701 0.115661 0.093518 0.063126 0.027129 -0.011205 -0.048232 -0.080272 -0.104010 -0.116899 -0.117499 -0.105692 -0.082710 -0.050993 
-0.005638 0.032786 0.068368 0.097844 0.118680 0.129164 0.128457 0.116616 0.094603 0.064260 0.028221 -0.010244 -0.047479 -0.079788 -0.103830 -0.117027 -0.117910 -0.106330 -0.083499 -0.051840 
-0.006243 0.032291 0.068057 0.097770 0.118874 0.129632 0.129177 0.117543 0.095672 0.065389 0.029322 -0.009260 -0.046693 -0.079263 -0.103605 -0.117110 -0.118280 -0.106937 -0.084268 -0.052681 
-0.006854 0.031776 0.067715 0.097659 0.119028 0.130059 0.129861 0.118441 0.096723 0.066514 0.030432 -0.008254 -0.045874 -0.078697 -0.103333 -0.117148 -0.118609 -0.107511 -0.085016 -0.053515 
-0.007471 0.031242 0.067343 0.097510 0.119141 0.130446 0.130508 0.119312 0.097756 0.067633 0.031550 -0.007227 -0.045023 -0.078090 -0.103017 -0.117141 -0.118898 -0.108053 -0.085743 -0.054343 
-0.008092 0.030689 0.066942 0.097325 0.119213 0.130793 0.131120 0.120154 0.098772 0.068748 0.032676 -0.006180 -0.044140 -0.077443 -0.102657 -0.117089 -0.119146 -0.108563 -0.086450 -0.055162 
-0.008719 0.030119 0.066513 0.097104 0.119246 0.131100 0.131696 0.120969 0.099770 0.069857 0.033810 -0.005112 -0.043226 -0.076758 -0.102253 -0.116994 -0.119355 -0.109041 -0.087136 -0.055975 
-0.009351 0.029531 0.066055 0.096847 0.119239 0.131368 0.132237 0.121755 0.100751 0.070960 0.034951 -0.004025 -0.042281 -0.076034 -0.101807 -0.116855 -0.119525 -0.109488 -0.087802 -0.056780 
-0.009987 0.028926 0.065570 0.096556 0.119194 0.131597 0.132744 0.122515 0.101715 0.072058 0.036099 -0.002919 -0.041307 -0.075272 -0.101318 -0.116674 -0.119656 -0.109904 -0.088448 -0.057577 
-0.010627 0.028305 0.065058 0.096230 0.119110 0.131789 0.133216 0.123247 0.102660 0.073150 0.037254 -0.001794 -0.040304 -0.074473 -0.100787 -0.116451 -0.119748 -0.110289 -0.089073 -0.058366 
-0.011271 0.027667 0.064520 0.095870 0.118989 0.131942 0.133654 0.123951 0.103589 0.074236 0.038414 -0.000651 -0.039272 -0.073637 -0.100216 -0.116186 -0.119803 -0.110643 -0.089677 -0.059148 
-0.011918 0.027014 0.063955 0.095477 0.118831 0.132059 0.134058 0.124629 0.104499 0.075315 0.039581 0.000509 -0.038213 -0.072766 -0.099604 -0.115880 -0.119819 -0.110967 -0.090262 -0.059921 
-0.012568 0.026345 0.063366 0.095052 0.118637 0.132139 0.134429 0.125280 0.105392 0.076388 0.040752 0.001687 -0.037126 -0.071859 -0.098953 -0.115534 -0.119799 -0.111260 -0.090826 -0.060685 
-0.013221 0.025662 0.062751 0.094594 0.118406 0.132183 0.134768 0.125905 0.106268 0.077455 0.041929 0.002881 -0.036012 -0.070919 -0.098262 -0.115148 -0.119742 -0.111524 -0.091370 -0.061441 
-0.013877 0.024964 0.062112 0.094105 0.118141 0.132191 0.135073 0.126503 0.107126 0.078514 0.043111 0.004091 -0.034872 -0.069944 -0.097533 -0.114722 -0.119648 -0.111757 -0.091893 -0.062189 
-0.014534 0.024253 0.061450 0.093585 0.117840 0.132163 0.135346 0.127075 0.107967 0.079567 0.044297 0.005317 -0.033707 -0.068936 -0.096766 -0.114258 -0.119519 -0.111962 -0.092397 -0.062927 
-0.015194 0.023528 0.060764 0.093035 0.117505 0.132101 0.135587 0.127621 0.108790 0.080612 0.045487 0.006558 -0.032516 -0.067895 -0.095962 -0.113756 -0.119354 -0.112137 -0.092880 -0.063657 
-0.015856 0.022789 0.060055 0.092454 0.117137 0.132005 0.135797 0.128142 0.109596 0.081650 0.046681 0.007814 -0.031301 -0.066822 -0.095121 -0.113216 -0.119154 -0.112283 -0.093344 -0.064378 
-0.016519 0.022038 0.059324 0.091845 0.116735 0.131875 0.135976 0.128637 0.110384 0.082681 0.047878 0.009083 -0.030063 -0.065718 -0.094244 -0.112638 -0.118919 -0.112401 -0.093788 -0.065090 
-0.017183 0.021275 0.058571 0.091207 0.116300 0.131711 0.136124 0.129106 0.111155 0.083705 0.049078 0.010367 -0.028800 -0.064583 -0.093332 -0.112025 -0.118651 -0.112490 -0.094212 -0.065792 
-0.017849 0.020499 0.057797 0.090540 0.115833 0.131515 0.136241 0.129551 0.111910 0.084720 0.050282 0.011664 -0.027516 -0.063418 -0.092386 -0.111375 -0.118348 -0.112551 -0.094616 -0.066486 
-0.018515 0.019712 0.057002 0.089846 0.115335 0.131286 0.136329 0.129971 0.112647 0.085728 0.051488 0.012974 -0.026209 -0.062224 -0.091405 -0.110690 -0.118013 -0.112585 -0.095001 -0.067170 
-0.019181 0.018914 0.056187 0.089125 0.114806 0.131025 0.136386 0.130366 0.113367 0.086729 0.052697 0.014297 -0.024880 -0.061000 -0.090390 -0.109969 -0.117644 -0.112590 -0.095367 -0.067844 
-0.019848 0.018105 0.055352 0.088377 0.114246 0.130733 0.136415 0.130738 0.114070 0.087721 0.053907 0.015631 -0.023530 -0.059748 -0.089343 -0.109215 -0.117243 -0.112569 -0.095713 -0.068509 
-0.020515 0.017286 0.054497 0.087603 0.113656 0.130410 0.136414 0.131085 0.114756 0.088706 0.055120 0.016978 -0.022159 -0.058468 -0.088263 -0.108426 -0.116811 -0.112521 -0.096040 -0.069165 
-0.021182 0.016456 0.053624 0.086803 0.113036 0.130056 0.136386 0.131408 0.115426 0.089682 0.056334 0.018336 -0.020768 -0.057161 -0.087151 -0.107605 -0.116346 -0.112446 -0.096349 -0.069811 
-0.021849 0.015617 0.052731 0.085978 0.112388 0.129673 0.136329 0.131708 0.116078 0.090651 0.057549 0.019704 -0.019358 -0.055827 -0.086008 -0.106751 -0.115851 -0.112345 -0.096638 -0.070447 
-0.022515 0.014768 0.051821 0.085129 0.111710 0.129259 0.136244 0.131984 0.116715 0.091611 0.058766 0.021084 -0.017928 -0.054468 -0.084835 -0.105864 -0.115325 -0.112218 -0.096908 -0.071074 
-0.023180 0.013910 0.050894 0.084256 0.111005 0.128817 0.136132 0.132238 0.117335 0.092563 0.059984 0.022473 -0.016480 -0.053082 -0.083631 -0.104946 -0.114769 -0.112066 -0.097160 -0.071690 
-0.023844 0.013043 0.049949 0.083359 0.110273 0.128346 0.135992 0.132469 0.117938 0.093507 0.061202 0.023873 -0.015013 -0.051672 -0.082398 -0.103996 -0.114183 -0.111888 -0.097394 -0.072298 
-0.024508 0.012168 0.048987 0.082439 0.109513 0.127847 0.135827 0.132677 0.118526 0.094443 0.062421 0.025281 -0.013529 -0.050237 -0.081136 -0.103017 -0.113568 -0.111685 -0.097609 -0.072895 
-0.025170 0.011284 0.048009 0.081496 0.108727 0.127320 0.135635 0.132863 0.119097 0.095370 0.063641 0.026699 -0.012027 -0.048778 -0.079846 -0.102007 -0.112924 -0.111457 -0.097806 -0.073483 
-0.025831 0.010393 0.047015 0.080531 0.107915 0.126766 0.135417 0.133027 0.119652 0.096289 0.064860 0.028126 -0.010509 -0.047296 -0.078528 -0.100967 -0.112252 -0.111205 -0.097985 -0.074061 
-0.026490 0.009494 0.046005 0.079544 0.107077 0.126185 0.135174 0.133169 0.120192 0.097199 0.066080 0.029562 -0.008974 -0.045791 -0.077183 -0.099898 -0.111551 -0.110928 -0.098146 -0.074629 
-0.027148 0.008588 0.044981 0.078536 0.106215 0.125578 0.134905 0.133290 0.120716 0.098101 0.067299 0.031005 -0.007423 -0.044264 -0.075811 -0.098801 -0.110824 -0.110628 -0.098290 -0.075187 
-0.027803 0.007675 0.043941 0.077508 0.105328 0.124945 0.134612 0.133390 0.121224 0.098995 0.068518 0.032457 -0.005857 -0.042715 -0.074413 -0.097676 -0.110069 -0.110305 -0.098416 -0.075736 
-0.028457 0.006755 0.042887 0.076459 0.104416 0.124286 0.134295 0.133469 0.121717 0.099880 0.069736 0.033915 -0.004275 -0.041144 -0.072989 -0.096524 -0.109287 -0.109958 -0.098524 -0.076274 
-0.029109 0.005829 0.041820 0.075390 0.103481 0.123603 0.133954 0.133528 0.122194 0.100757 0.070953 0.035382 -0.002679 -0.039553 -0.071540 -0.095344 -0.108479 -0.109589 -0.098616 -0.076803 
-0.029758 0.004897 0.040738 0.074302 0.102523 0.122895 0.133589 0.133566 0.122657 0.101625 0.072170 0.036855 -0.001069 -0.037941 -0.070066 -0.094138 -0.107646 -0.109197 -0.098691 -0.077323 
-0.030406 0.003958 0.039644 0.073195 0.101543 0.122162 0.133201 0.133584 0.123104 0.102485 0.073386 0.038335 0.000555 -0.036309 -0.068568 -0.092906 -0.106787 -0.108782 -0.098748 -0.077832 
-0.031050 0.003015 0.038536 0.072069 0.100540 0.121407 0.132791 0.133582 0.123537 0.103337 0.074601 0.039821 0.002193 -0.034658 -0.067047 -0.091648 -0.105903 -0.108346 -0.098790 -0.078332 
-0.031693 0.002065 0.037416 0.070926 0.099515 0.120628 0.132357 0.133561 0.123955 0.104180 0.075814 0.041313 0.003844 -0.032988 -0.065503 -0.090366 -0.104995 -0.107889 -0.098815 -0.078822 
-0.032332 0.001111 0.036284 0.069764 0.098469 0.119826 0.131902 0.133521 0.124359 0.105014 0.077026 0.042812 0.005508 -0.031299 -0.063936 -0.089059 -0.104063 -0.107410 -0.098823 -0.079303 
-0.032969 0.000151 0.035140 0.068585 0.097402 0.119002 0.131426 0.133462 0.124748 0.105841 0.078236 0.044315 0.007184 -0.029593 -0.062347 -0.087728 -0.103107 -0.106911 -0.098816 -0.079774 
-0.033603 -0.000813 0.033985 0.067390 0.096315 0.118156 0.130928 0.133384 0.125123 0.106659 0.079445 0.045825 0.008872 -0.027868 -0.060736 -0.086373 -0.102127 -0.106391 -0.098793 -0.080236 
-0.034234 -0.001781 0.032818 0.066178 0.095208 0.117288 0.130409 0.133288 0.125484 0.107468 0.080652 0.047339 0.010571 -0.026127 -0.059105 -0.084995 -0.101126 -0.105850 -0.098754 -0.080688 
-0.034862 -0.002754 0.031641 0.064950 0.094081 0.116400 0.129869 0.133174 0.125832 0.108270 0.081858 0.048858 0.012282 -0.024369 -0.057452 -0.083595 -0.100101 -0.105290 -0.098700 -0.081131 
-0.035487 -0.003731 0.030453 0.063706 0.092935 0.115491 0.129310 0.133043 0.126165 0.109063 0.083061 0.050382 0.014004 -0.022594 -0.055780 -0.082172 -0.099055 -0.104711 -0.098631 -0.081564 
-0.036109 -0.004712 0.029255 0.062447 0.091770 0.114561 0.128730 0.132893 0.126486 0.109848 0.084262 0.051911 0.015736 -0.020804 -0.054087 -0.080728 -0.097987 -0.104112 -0.098546 -0.081988 
-0.036728 -0.005697 0.028047 0.061173 0.090587 0.113612 0.128131 0.132727 0.126793 0.110625 0.085462 0.053443 0.017479 -0.018998 -0.052376 -0.079263 -0.096898 -0.103494 -0.098447 -0.082403 
-0.037344 -0.006684 0.026829 0.059884 0.089387 0.112643 0.127514 0.132544 0.127086 0.111394 0.086659 0.054980 0.019232 -0.017177 -0.050645 -0.077776 -0.095789 -0.102857 -0.098334 -0.082809 
-0.037956 -0.007676 0.025603 0.058582 0.088168 0.111656 0.126877 0.132344 0.127367 0.112155 0.087854 0.056520 0.020994 -0.015342 -0.048897 -0.076270 -0.094659 -0.102203 -0.098206 -0.083206 
-0.038565 -0.008670 0.024367 0.057265 0.086933 0.110649 0.126222 0.132128 0.127636 0.112908 0.089046 0.058065 0.022766 -0.013492 -0.047130 -0.074744 -0.093509 -0.101530 -0.098063 -0.083594 
-0.039170 -0.009667 0.023122 0.055935 0.085681 0.109625 0.125549 0.131895 0.127891 0.113653 0.090236 0.059612 0.024547 -0.011628 -0.045346 -0.073198 -0.092340 -0.100840 -0.097907 -0.083973 
-0.039772 -0.010667 0.021869 0.054592 0.084413 0.108583 0.124859 0.131647 0.128134 0.114390 0.091424 0.061163 0.026336 -0.009751 -0.043545 -0.071633 -0.091152 -0.100132 -0.097738 -0.084343 
-0.040371 -0.011670 0.020608 0.053237 0.083128 0.107523 0.124151 0.131384 0.128366 0.115120 0.092609 0.062717 0.028134 -0.007861 -0.041727 -0.070049 -0.089945 -0.099408 -0.097554 -0.084705 
-0.040966 -0.012675 0.019339 0.051869 0.081829 0.106446 0.123427 0.131106 0.128585 0.115842 0.093792 0.064273 0.029940 -0.005958 -0.039893 -0.068448 -0.088719 -0.098667 -0.097358 -0.085058 
-0.041557 -0.013682 0.018062 0.050489 0.080514 0.105353 0.122686 0.130812 0.128792 0.116556 0.094972 0.065833 0.031754 -0.004042 -0.038043 -0.066828 -0.087476 -0.097910 -0.097148 -0.085402 
-0.042145 -0.014692 0.016778 0.049097 0.079184 0.104243 0.121928 0.130504 0.128988 0.117263 0.096149 0.067395 0.033576 -0.002114 -0.036177 -0.065192 -0.086215 -0.097136 -0.096925 -0.085739 
-0.042730 -0.015704 0.015487 0.047694 0.077841 0.103118 0.121155 0.130182 0.129172 0.117963 0.097324 0.068959 0.035405 -0.000175 -0.034297 -0.063538 -0.084937 -0.096347 -0.096690 -0.086066 
-0.043311 -0.016717 0.014188 0.046279 0.076483 0.101977 0.120366 0.129846 0.129345 0.118655 0.098496 0.070526 0.037241 0.001776 -0.032402 -0.061868 -0.083642 -0.095543 -0.096443 -0.086386 
-0.043888 -0.017732 0.012884 0.044854 0.075111 0.100821 0.119563 0.129496 0.129507 0.119340 0.099666 0.072095 0.039084 0.003738 -0.030493 -0.060182 -0.082331 -0.094724 -0.096183 -0.086697 
-0.044462 -0.018749 0.011572 0.043419 0.073726 0.099650 0.118744 0.129132 0.129659 0.120017 0.100832 0.073666 0.040934 0.005710 -0.028569 -0.058480 -0.081004 -0.093889 -0.095911 -0.087001 
-0.045032 -0.019767 0.010255 0.041973 0.072328 0.098464 0.117911 0.128755 0.129799 0.120688 0.101996 0.075239 0.042790 0.007693 -0.026633 -0.056763 -0.079662 -0.093041 -0.095628 -0.087296 
-0.045599 -0.020787 0.008931 0.040518 0.070918 0.097265 0.117063 0.128366 0.129930 0.121352 0.103157 0.076813 0.044652 0.009686 -0.024683 -0.055031 -0.078304 -0.092178 -0.095333 -0.087584 
-0.046162 -0.021807 0.007602 0.039053 0.069495 0.096052 0.116202 0.127964 0.130050 0.122009 0.104316 0.078389 0.046520 0.011689 -0.022721 -0.053284 -0.076931 -0.091302 -0.095027 -0.087865 
-0.046721 -0.022829 0.006267 0.037578 0.068061 0.094825 0.115328 0.127549 0.130160 0.122659 0.105471 0.079967 0.048394 0.013702 -0.020746 -0.051524 -0.075543 -0.090412 -0.094710 -0.088137 
-0.047277 -0.023852 0.004927 0.036095 0.066614 0.093586 0.114440 0.127123 0.130260 0.123303 0.106624 0.081546 0.050274 0.015723 -0.018759 -0.049749 -0.074142 -0.089509 -0.094382 -0.088403 
-0.047830 -0.024876 0.003581 0.034603 0.065157 0.092333 0.113539 0.126684 0.130351 0.123940 0.107774 0.083126 0.052158 0.017753 -0.016760 -0.047961 -0.072726 -0.088593 -0.094043 -0.088661 
-0.048379 -0.025901 0.002231 0.033103 0.063689 0.091069 0.112626 0.126235 0.130432 0.124571 0.108921 0.084708 0.054048 0.019792 -0.014750 -0.046160 -0.071297 -0.087665 -0.093694 -0.088912 
-0.048924 -0.026927 0.000876 0.031594 0.062210 0.089792 0.111701 0.125774 0.130504 0.125195 0.110066 0.086290 0.055943 0.021840 -0.012729 -0.044346 -0.069855 -0.086724 -0.093335 -0.089156 
-0.049466 -0.027953 -0.000484 0.030078 0.060720 0.088504 0.110764 0.125302 0.130567 0.125813 0.111207 0.087873 0.057842 0.023895 -0.010697 -0.042520 -0.068401 -0.085771 -0.092966 -0.089393 
-0.050004 -0.028980 -0.001848 0.028554 0.059221 0.087205 0.109815 0.124819 0.130621 0.126425 0.112346 0.089458 0.059746 0.025958 -0.008655 -0.040682 -0.066933 -0.084807 -0.092587 -0.089623 
-0.050540 -0.030007 -0.003216 0.027022 0.057712 0.085894 0.108855 0.124326 0.130667 0.127031 0.113482 0.091043 0.061654 0.028029 -0.006603 -0.038833 -0.065454 -0.083831 -0.092199 -0.089847 
-0.051071 -0.031035 -0.004589 0.025484 0.056193 0.084573 0.107884 0.123823 0.130704 0.127632 0.114616 0.092629 0.063567 0.030107 -0.004541 -0.036972 -0.063963 -0.082845 -0.091801 -0.090064 
-0.051600 -0.032063 -0.005965 0.023938 0.054666 0.083241 0.106903 0.123309 0.130733 0.128226 0.115747 0.094215 0.065483 0.032192 -0.002470 -0.035100 -0.062460 -0.081847 -0.091395 -0.090275 
-0.052125 -0.033092 -0.007345 0.022386 0.053129 0.081899 0.105911 0.122787 0.130754 0.128815 0.116875 0.095802 0.067403 0.034284 -0.000389 -0.033217 -0.060947 -0.080839 -0.090980 -0.090479 
-0.052647 -0.034121 -0.008728 0.020827 0.051584 0.080548 0.104909 0.122254 0.130767 0.129398 0.118000 0.097390 0.069327 0.036382 0.001700 -0.031324 -0.059422 -0.079821 -0.090556 -0.090678 
-0.053166 -0.035150 -0.010116 0.019262 0.050031 0.079187 0.103897 0.121713 0.130773 0.129976 0.119123 0.098978 0.071254 0.038487 0.003798 -0.029421 -0.057887 -0.078793 -0.090124 -0.090870 
-0.053682 -0.036179 -0.011506 0.017692 0.048470 0.077816 0.102876 0.121163 0.130771 0.130549 0.120243 0.100566 0.073185 0.040597 0.005904 -0.027509 -0.056342 -0.077755 -0.089683 -0.091057 
-0.054194 -0.037208 -0.012899 0.016115 0.046901 0.076437 0.101845 0.120604 0.130762 0.131117 0.121360 0.102155 0.075119 0.042714 0.008018 -0.025587 -0.054787 -0.076708 -0.089235 -0.091238 
-0.054704 -0.038237 -0.014296 0.014533 0.045324 0.075050 0.100806 0.120037 0.130746 0.131679 0.122476 0.103744 0.077056 0.044836 0.010140 -0.023656 -0.053223 -0.075652 -0.088779 -0.091413 
-0.055210 -0.039266 -0.015695 0.012946 0.043741 0.073654 0.099758 0.119462 0.130723 0.132237 0.123588 0.105333 0.078995 0.046963 0.012269 -0.021716 -0.051649 -0.074587 -0.088315 -0.091584 
-0.055714 -0.040296 -0.017097 0.011353 0.042150 0.072250 0.098702 0.118879 0.130694 0.132790 0.124698 0.106922 0.080938 0.049096 0.014405 -0.019768 -0.050066 -0.073513 -0.087845 -0.091748 
-0.056214 -0.041325 -0.018502 0.009756 0.040553 0.070838 0.097637 0.118289 0.130658 0.133338 0.125806 0.108511 0.082883 0.051233 0.016548 -0.017812 -0.048475 -0.072432 -0.087367 -0.091908 
-0.056712 -0.042354 -0.019909 0.008153 0.038949 0.069418 0.096565 0.117691 0.130616 0.133882 0.126912 0.110101 0.084831 0.053376 0.018698 -0.015848 -0.046876 -0.071342 -0.086882 -0.092063 
-0.057207 -0.043382 -0.021318 0.006546 0.037339 0.067992 0.095486 0.117086 0.130568 0.134422 0.128015 0.111690 0.086781 0.055523 0.020854 -0.013876 -0.045268 -0.070244 -0.086391 -0.092213 
-0.057700 -0.044411 -0.022730 0.004935 0.035723 0.066558 0.094399 0.116474 0.130514 0.134957 0.129116 0.113279 0.088734 0.057674 0.023017 -0.011897 -0.043652 -0.069139 -0.085893 -0.092358 
-0.058189 -0.045439 -0.024144 0.003320 0.034101 0.065118 0.093305 0.115855 0.130454 0.135488 0.130214 0.114869 0.090688 0.059830 0.025185 -0.009911 -0.042029 -0.068027 -0.085390 -0.092499 
-0.058677 -0.046467 -0.025560 0.001701 0.032474 0.063671 0.092204 0.115230 0.130389 0.136015 0.131311 0.116458 0.092645 0.061990 0.027359 -0.007918 -0.040399 -0.066908 -0.084880 -0.092635 
-0.059161 -0.047495 -0.026978 0.000077 0.030841 0.062218 0.091097 0.114599 0.130318 0.136538 0.132405 0.118047 0.094603 0.064153 0.029538 -0.005918 -0.038762 -0.065782 -0.084364 -0.092767 
-0.059643 -0.048523 -0.028397 -0.001549 0.029204 0.060759 0.089983 0.113962 0.130243 0.137057 0.133497 0.119636 0.096564 0.066321 0.031723 -0.003913 -0.037118 -0.064650 -0.083843 -0.092894 
-0.060123 -0.049550 -0.029819 -0.003180 0.027561 0.059295 0.088864 0.113319 0.130162 0.137573 0.134588 0.121225 0.098526 0.068491 0.033913 -0.001901 -0.035468 -0.063511 -0.083316 -0.093018 
-0.060601 -0.050577 -0.031242 -0.004813 0.025914 0.057825 0.087739 0.112670 0.130077 0.138085 0.135676 0.122814 0.100490 0.070666 0.036107 0.000116 -0.033811 -0.062367 -0.082784 -0.093138 
-0.061076 -0.051604 -0.032666 -0.006450 0.024263 0.056349 0.086608 0.112017 0.129988 0.138594 0.136763 0.124402 0.102455 0.072843 0.038306 0.002139 -0.032149 -0.061217 -0.082248 -0.093254 
-0.061549 -0.052630 -0.034092 -0.008090 0.022607 0.054869 0.085472 0.111358 0.129893 0.139100 0.137847 0.125991 0.104422 0.075023 0.040509 0.004168 -0.030481 -0.060061 -0.081706 -0.093367 
-0.062020 -0.053656 -0.035519 -0.009733 0.020947 0.053384 0.084330 0.110694 0.129795 0.139602 0.138930 0.127579 0.106390 0.077206 0.042717 0.006201 -0.028808 -0.058900 -0.081160 -0.093476 
-0.062489 -0.054681 -0.036948 -0.011378 0.019283 0.051894 0.083184 0.110026 0.129693 0.140102 0.140011 0.129167 0.108360 0.079393 0.044928 0.008239 -0.027129 -0.057734 -0.080609 -0.093582 
-0.062957 -0.055706 -0.038378 -0.013027 0.017615 0.050400 0.082034 0.109353 0.129587 0.140598 0.141091 0.130754 0.110331 0.081581 0.047143 0.010282 -0.025445 -0.056563 -0.080054 -0.093684 
-0.063422 -0.056731 -0.039809 -0.014677 0.015944 0.048901 0.080878 0.108676 0.129477 0.141092 0.142169 0.132342 0.112303 0.083772 0.049362 0.012329 -0.023757 -0.055387 -0.079495 -0.093784 
-0.063885 -0.057756 -0.041241 -0.016330 0.014270 0.047399 0.079719 0.107995 0.129363 0.141583 0.143245 0.133929 0.114276 0.085966 0.051584 0.014380 -0.022064 -0.054207 -0.078932 -0.093880 
-0.064347 -0.058780 -0.042674 -0.017985 0.012593 0.045893 0.078556 0.107310 0.129246 0.142071 0.144320 0.135516 0.116250 0.088161 0.053810 0.016435 -0.020367 -0.053023 -0.078366 -0.093974 
-0.064807 -0.059804 -0.044108 -0.019642 0.010912 0.044383 0.077388 0.106621 0.129126 0.142557 0.145393 0.137102 0.118225 0.090359 0.056038 0.018494 -0.018666 -0.051834 -0.077796 -0.094065 
-0.065265 -0.060827 -0.045543 -0.021302 0.009229 0.042870 0.076218 0.105929 0.129003 0.143041 0.146465 0.138689 0.120201 0.092559 0.058269 0.020556 -0.016960 -0.050642 -0.077223 -0.094153 
-0.065722 -0.061850 -0.046978 -0.022963 0.007543 0.041354 0.075043 0.105233 0.128877 0.143523 0.147536 0.140275 0.122177 0.094760 0.060504 0.022622 -0.015252 -0.049447 -0.076646 -0.094240 
-0.066177 -0.062873 -0.048415 -0.024625 0.005854 0.039834 0.073866 0.104535 0.128748 0.144002 0.148606 0.141861 0.124155 0.096964 0.062740 0.024691 -0.013539 -0.048248 -0.076067 -0.094323 
-0.066631 -0.063895 -0.049852 -0.026290 0.004163 0.038312 0.072685 0.103833 0.128617 0.144479 0.149674 0.143446 0.126133 0.099169 0.064979 0.026763 -0.011824 -0.047046 -0.075484 -0.094405 
-0.067084 -0.064917 -0.051290 -0.027956 0.002470 0.036787 0.071502 0.103128 0.128483 0.144955 0.150741 0.145031 0.128112 0.101375 0.067221 0.028838 -0.010105 -0.045840 -0.074899 -0.094484 
-0.067535 -0.065939 -0.052728 -0.029623 0.000775 0.035260 0.070316 0.102421 0.128347 0.145429 0.151807 0.146616 0.130091 0.103583 0.069464 0.030915 -0.008384 -0.044632 -0.074311 -0.094562 
-0.067986 -0.066960 -0.054167 -0.031292 -0.000922 0.033730 0.069127 0.101712 0.128209 0.145901 0.152872 0.148201 0.132071 0.105792 0.071710 0.032995 -0.006660 -0.043421 -0.073722 -0.094638 
-0.068435 -0.067981 -0.055606 -0.032962 -0.002621 0.032198 0.067936 0.101000 0.128068 0.146371 0.153937 0.149786 0.134052 0.108003 0.073957 0.035077 -0.004933 -0.042208 -0.073129 -0.094712 
-0.068883 -0.069002 -0.057046 -0.034633 -0.004322 0.030664 0.066742 0.100286 0.127926 0.146840 0.155000 0.151370 0.136033 0.110215 0.076206 0.037161 -0.003204 -0.040993 -0.072535 -0.094784 
-0.069330 -0.070022 -0.058486 -0.036305 -0.006024 0.029128 0.065547 0.099570 0.127782 0.147308 0.156062 0.152954 0.138014 0.112427 0.078457 0.039247 -0.001473 -0.039775 -0.071939 -0.094855 
-0.069776 -0.071042 -0.059927 -0.037978 -0.007727 0.027591 0.064350 0.098852 0.127636 0.147774 0.157124 0.154538 0.139996 0.114641 0.080709 0.041335 0.000260 -0.038555 -0.071341 -0.094924 
-0.070221 -0.072062 -0.061368 -0.039652 -0.009432 0.026051 0.063151 0.098132 0.127489 0.148239 0.158185 0.156122 0.141978 0.116855 0.082962 0.043425 0.001995 -0.037333 -0.070741 -0.094992 
-0.070666 -0.073082 -0.062809 -0.041327 -0.011139 0.024510 0.061950 0.097411 0.127341 0.148703 0.159245 0.157705 0.143960 0.119071 0.085217 0.045517 0.003732 -0.036110 -0.070140 -0.095059 
-0.071110 -0.074101 -0.064251 -0.043002 -0.012846 0.022968 0.060748 0.096688 0.127191 0.149166 0.160304 0.159288 0.145943 0.121287 0.087473 0.047610 0.005471 -0.034885 -0.069537 -0.095125 
-0.071553 -0.075121 -0.065693 -0.044679 -0.014554 0.021425 0.059544 0.095964 0.127039 0.149629 0.161363 0.160872 0.147926 0.123504 0.089730 0.049704 0.007211 -0.033658 -0.068933 -0.095190 
-0.071995 -0.076140 -0.067135 -0.046356 -0.016264 0.019880 0.058340 0.095239 0.126887 0.150090 0.162422 0.162454 0.149909 0.125721 0.091988 0.051799 0.008952 -0.032430 -0.068328 -0.095254 
-0.072437 -0.077159 -0.068577 -0.048033 -0.017974 0.018334 0.057134 0.094512 0.126734 0.150550 0.163480 0.164037 0.151893 0.127939 0.094246 0.053895 0.010694 -0.031201 -0.067721 -0.095317 
-0.072878 -0.078177 -0.070020 -0.049711 -0.019685 0.016788 0.055927 0.093785 0.126580 0.151010 0.164537 0.165620 0.153877 0.130158 0.096506 0.055993 0.012438 -0.029971 -0.067114 -0.095379 
-0.073319 -0.079196 -0.071463 -0.051389 -0.021396 0.015240 0.054719 0.093057 0.126425 0.151469 0.165594 0.167202 0.155860 0.132377 0.098766 0.058091 0.014182 -0.028740 -0.066506 -0.095440 
-0.073760 -0.080214 -0.072905 -0.053068 -0.023109 0.013692 0.053510 0.092327 0.126269 0.151928 0.166651 0.168785 0.157844 0.134596 0.101027 0.060190 0.015928 -0.027508 -0.065897 -0.095501 
-0.074200 -0.081233 -0.074348 -0.054747 -0.024821 0.012143 0.052301 0.091598 0.126113 0.152386 0.167707 0.170367 0.159828 0.136816 0.103288 0.062290 0.017674 -0.026275 -0.065287 -0.095561 
-0.074640 -0.082251 -0.075791 -0.056427 -0.026535 0.010594 0.051091 0.090867 0.125956 0.152843 0.168764 0.171949 0.161813 0.139036 0.105550 0.064390 0.019421 -0.025042 -0.064677 -0.095621 
-0.075079 -0.083269 -0.077234 -0.058107 -0.028248 0.009044 0.049880 0.090136 0.125799 0.153300 0.169819 0.173531 0.163797 0.141256 0.107812 0.066491 0.021168 -0.023808 -0.064066 -0.095681 
-0.075519 -0.084287 -0.078678 -0.059786 -0.029962 0.007493 0.048669 0.089405 0.125641 0.153757 0.170875 0.175114 0.165781 0.143476 0.110075 0.068592 0.022916 -0.022573 -0.063455 -0.095740 
-0.075958 -0.085305 -0.080121 -0.061467 -0.031676 0.005943 0.047458 0.088673 0.125483 0.154214 0.171931 0.176695 0.167766 0.145697 0.112338 0.070694 0.024664 -0.021338 -0.062843 -0.095798 
-0.076396 -0.086323 -0.081564 -0.063147 -0.033391 0.004392 0.046246 0.087941 0.125324 0.154670 0.172986 0.178277 0.169750 0.147918 0.114601 0.072796 0.026413 -0.020103 -0.062231 -0.095857 
-0.076835 -0.087340 -0.083008 -0.064827 -0.035105 0.002840 0.045034 0.087208 0.125166 0.155127 0.174041 0.179859 0.171735 0.150139 0.116864 0.074898 0.028162 -0.018867 -0.061619 -0.095915 
-0.077274 -0.088358 -0.084451 -0.066508 -0.036820 0.001289 0.043822 0.086475 0.125007 0.155583 0.175096 0.181441 0.173719 0.152360 0.119128 0.077001 0.029911 -0.017632 -0.061007 -0.095973 
-0.077712 -0.089376 -0.085894 -0.068188 -0.038535 -0.000263 0.042610 0.085743 0.124848 0.156038 0.176151 0.183023 0.175704 0.154581 0.121391 0.079103 0.031661 -0.016396 -0.060394 -0.096031 
-0.078151 -0.090393 -0.087338 -0.069869 -0.040250 -0.001814 0.041397 0.085010 0.124689 0.156494 0.177206 0.184605 0.177688 0.156802 0.123655 0.081206 0.033410 -0.015160 -0.059781 -0.096089 
-0.078589 -0.091411 -0.088781 -0.071549 -0.041965 -0.003366 0.040184 0.084277 0.124529 0.156950 0.178261 0.186187 0.179673 0.159023 0.125919 0.083309 0.035160 -0.013923 -0.059169 -0.096147 
-0.079028 -0.092429 -0.090225 -0.073230 -0.043680 -0.004918 0.038972 0.083543 0.124370 0.157406 0.179316 0.187768 0.181657 0.161244 0.128182 0.085411 0.036909 -0.012687 -0.058556 -0.096205 
-0.079466 -0.093446 -0.091668 -0.074911 -0.045396 -0.006470 0.037759 0.082810 0.124211 0.157861 0.180371 0.189350 0.183642 0.163466 0.130446 0.087514 0.038659 -0.011451 -0.057943 -0.096262 
-0.079904 -0.094464 -0.093111 -0.076592 -0.047111 -0.008022 0.036546 0.082077 0.124052 0.158317 0.181426 0.190932 0.185627 0.165687 0.132710 0.089617 0.040409 -0.010215 -0.057330 -0.096320 
-0.080343 -0.095482 -0.094555 -0.078272 -0.048826 -0.009574 0.035334 0.081344 0.123892 0.158773 0.182481 0.192514 0.187611 0.167908 0.134974 0.091720 0.042158 -0.008978 -0.056717 -0.096378 
