# x,  y
43.000000  328.664867
44.000000  327.500000
45.000000  326.352692
46.000000  325.000000
47.000000  323.647308
48.000000  322.500000
49.000000  321.335133
50.000000  319.852692
51.000000  318.129748
52.000000  316.517560
53.000000  315.017560
54.000000  313.629748
55.000000  312.352692
56.000000  310.870252
57.000000  309.294615
58.000000  308.147308
59.000000  307.205385
60.000000  305.835133
61.000000  304.147308
62.000000  302.647308
63.000000  301.352692
64.000000  299.870252
65.000000  298.294615
66.000000  297.129748
67.000000  296.093196
68.000000  294.612189
69.000000  293.147308
70.000000  291.887811
71.000000  290.612189
72.000000  289.370252
73.000000  288.000000
74.000000  286.612189
75.000000  285.222944
76.000000  283.500000
77.000000  281.777056
78.000000  280.370252
79.000000  278.870252
80.000000  277.277056
81.000000  276.017560
82.000000  274.852692
83.000000  273.482440
84.000000  271.982440
85.000000  270.387811
86.000000  268.741937
87.000000  267.222944
88.000000  265.387811
89.000000  263.571671
90.000000  262.552679
91.000000  261.835133
92.000000  260.835133
93.000000  259.464881
94.000000  257.870252
95.000000  256.147308
96.000000  254.647308
97.000000  253.387811
98.000000  252.112189
99.000000  250.852692
100.000000  249.370252
101.000000  247.759496
102.000000  246.387811
103.000000  244.982440
104.000000  243.517560
105.000000  242.147308
106.000000  240.982440
107.000000  239.740504
108.000000  238.206818
109.000000  236.593196
110.000000  234.535119
111.000000  232.718979
112.000000  231.905371
113.000000  231.187825
114.000000  229.982440
115.000000  228.647308
116.000000  227.500000
117.000000  226.352692
118.000000  224.982440
119.000000  223.500000
120.000000  222.000000
121.000000  220.500000
122.000000  219.017560
123.000000  217.629748
124.000000  216.370252
125.000000  214.982440
126.000000  213.500000
127.000000  212.017560
128.000000  210.629748
129.000000  209.370252
130.000000  208.000000
131.000000  206.629748
132.000000  205.370252
133.000000  203.982440
134.000000  202.500000
135.000000  201.017560
136.000000  199.629748
137.000000  198.370252
138.000000  196.982440
139.000000  195.500000
140.000000  194.000000
141.000000  192.482440
142.000000  190.870252
143.000000  189.147308
144.000000  187.647308
145.000000  186.370252
146.000000  184.982440
147.000000  183.482440
148.000000  181.870252
149.000000  180.164867
150.000000  178.812175
151.000000  178.035119
152.000000  177.535119
153.000000  177.294615
158.000000  177.552679
159.000000  178.287784
160.000000  180.248700
161.000000  184.529721
162.000000  190.110755
163.000000  195.429762
164.000000  200.335133
165.000000  204.835133
166.000000  208.964881
167.000000  212.870252
168.000000  216.612189
169.000000  220.335133
170.000000  223.722944
171.000000  226.759496
172.000000  230.017560
173.000000  233.370252
174.000000  236.594629
175.000000  239.722944
176.000000  242.482440
177.000000  245.129748
178.000000  247.887811
179.000000  250.612189
180.000000  253.352692
181.000000  255.852692
182.000000  258.147308
183.000000  260.647308
184.000000  263.352692
185.000000  265.852692
186.000000  268.129748
187.000000  270.500000
188.000000  272.852692
189.000000  274.982440
190.000000  277.000000
191.000000  279.000000
192.000000  281.000000
193.000000  283.000000
194.000000  285.000000
195.000000  287.000000
196.000000  288.982440
197.000000  290.870252
198.000000  292.647308
199.000000  294.647308
200.000000  296.870252
201.000000  298.964881
202.000000  300.817573
203.000000  302.275623
204.000000  303.718979
205.000000  306.094629
206.000000  308.426895
207.000000  309.666301
208.000000  311.624350
209.000000  314.628315
210.000000  317.412202
211.000000  319.705385
212.000000  321.482440
213.000000  323.147308
214.000000  325.017560
215.000000  327.000000
216.000000  328.982440
217.000000  330.870252
218.000000  332.629748
219.000000  334.500000
220.000000  336.370252
221.000000  338.129748
222.000000  340.017560
223.000000  341.964881
224.000000  343.722944
225.000000  345.147308
226.000000  346.794615
227.000000  348.870252
228.000000  350.835133
229.000000  352.482440
230.000000  354.000000
231.000000  355.500000
232.000000  357.017560
233.000000  358.629748
234.000000  360.352692
235.000000  361.870252
236.000000  363.294615
237.000000  365.164867
238.000000  367.335133
239.000000  369.187825
240.000000  370.482440
241.000000  371.664867
242.000000  373.164867
243.000000  375.000000
244.000000  376.835133
245.000000  378.352692
246.000000  379.647308
247.000000  381.147308
248.000000  382.870252
249.000000  384.482440
250.000000  386.000000
251.000000  387.517560
252.000000  389.147308
