# x,  y
33.000000  380.500000
34.000000  379.352692
35.000000  378.000000
36.000000  376.629748
37.000000  375.370252
38.000000  374.000000
39.000000  372.647308
40.000000  371.517560
41.000000  370.482440
42.000000  369.370252
43.000000  368.129748
44.000000  366.982440
45.000000  365.740504
46.000000  364.259496
47.000000  363.017560
48.000000  361.870252
49.000000  360.612189
50.000000  359.370252
51.000000  357.982440
52.000000  356.517560
53.000000  355.147308
54.000000  354.000000
55.000000  352.870252
56.000000  351.612189
57.000000  350.370252
58.000000  349.000000
59.000000  347.647308
60.000000  346.517560
61.000000  345.482440
62.000000  344.352692
63.000000  343.000000
64.000000  341.629748
65.000000  340.370252
66.000000  339.000000
67.000000  337.647308
68.000000  336.517560
69.000000  335.500000
70.000000  334.482440
71.000000  333.335133
72.000000  331.852692
73.000000  330.147308
74.000000  328.664867
75.000000  327.517560
76.000000  326.482440
77.000000  325.352692
78.000000  324.000000
79.000000  322.629748
80.000000  321.370252
81.000000  320.000000
82.000000  318.647308
83.000000  317.500000
84.000000  316.352692
85.000000  314.982440
86.000000  313.500000
87.000000  312.017560
88.000000  310.647308
89.000000  309.500000
90.000000  308.352692
91.000000  306.982440
92.000000  305.500000
93.000000  304.000000
94.000000  302.500000
95.000000  301.017560
96.000000  299.629748
97.000000  298.370252
98.000000  296.982440
99.000000  295.500000
100.000000  294.000000
101.000000  292.500000
102.000000  291.000000
103.000000  289.500000
104.000000  288.000000
105.000000  286.500000
106.000000  285.000000
107.000000  283.482440
108.000000  281.870252
109.000000  280.129748
110.000000  278.500000
111.000000  276.870252
112.000000  275.129748
113.000000  273.500000
114.000000  271.870252
115.000000  270.129748
116.000000  268.500000
117.000000  266.870252
118.000000  265.129748
119.000000  263.500000
120.000000  261.852692
121.000000  259.982440
122.000000  258.017560
123.000000  256.147308
124.000000  254.482440
125.000000  252.722944
126.000000  250.629748
127.000000  248.647308
128.000000  246.870252
129.000000  244.982440
130.000000  243.000000
131.000000  241.000000
132.000000  239.000000
133.000000  237.000000
134.000000  235.000000
135.000000  232.982440
136.000000  230.852692
137.000000  228.500000
138.000000  226.129748
139.000000  223.870252
140.000000  221.500000
141.000000  219.129748
142.000000  216.887811
143.000000  214.612189
144.000000  212.352692
145.000000  209.870252
146.000000  207.259496
147.000000  204.870252
148.000000  202.352692
149.000000  199.612189
150.000000  196.852692
151.000000  193.852692
152.000000  190.612189
153.000000  187.370252
154.000000  184.052679
155.000000  181.141910
156.000000  179.494602
157.000000  178.905371
158.000000  178.500000
163.000000  178.164867
164.000000  178.182427
165.000000  178.699986
166.000000  179.812175
167.000000  181.535119
168.000000  183.500000
169.000000  185.482440
170.000000  187.370252
171.000000  189.112189
172.000000  190.870252
173.000000  192.500000
174.000000  194.129748
175.000000  195.870252
176.000000  197.500000
177.000000  199.129748
178.000000  200.870252
179.000000  202.482440
180.000000  204.017560
181.000000  205.647308
182.000000  207.482440
183.000000  209.222944
184.000000  210.629748
185.000000  212.164867
186.000000  214.000000
187.000000  215.835133
188.000000  217.352692
189.000000  218.647308
190.000000  220.147308
191.000000  221.870252
192.000000  223.482440
193.000000  225.000000
194.000000  226.517560
195.000000  228.129748
196.000000  229.870252
197.000000  231.482440
198.000000  232.964881
199.000000  234.240504
200.000000  235.277056
201.000000  236.664867
202.000000  238.370252
203.000000  239.964881
204.000000  241.352692
205.000000  242.482440
206.000000  243.517560
207.000000  244.664867
208.000000  246.164867
209.000000  247.982440
210.000000  249.722944
211.000000  251.129748
212.000000  252.647308
213.000000  254.387811
214.000000  256.112189
215.000000  257.870252
216.000000  259.500000
217.000000  261.129748
218.000000  262.870252
219.000000  264.482440
220.000000  266.000000
221.000000  267.517560
222.000000  269.129748
223.000000  270.870252
224.000000  272.482440
225.000000  274.000000
226.000000  275.517560
227.000000  277.129748
228.000000  278.870252
229.000000  280.500000
230.000000  282.112189
231.000000  283.722944
232.000000  284.982440
233.000000  286.147308
234.000000  287.535119
235.000000  289.129748
236.000000  290.870252
237.000000  292.482440
238.000000  294.000000
239.000000  295.500000
240.000000  297.000000
241.000000  298.500000
242.000000  300.000000
243.000000  301.517560
244.000000  303.129748
245.000000  304.887811
246.000000  306.647308
247.000000  308.629748
248.000000  310.722944
249.000000  312.464881
250.000000  313.964881
251.000000  315.187825
252.000000  315.922930
253.000000  316.848727
254.000000  318.870252
255.000000  320.781021
256.000000  321.812175
257.000000  323.418965
258.000000  326.482440
259.000000  329.468846
260.000000  330.894643
261.000000  331.647308
262.000000  332.535119
263.000000  333.647308
264.000000  334.982440
265.000000  336.310742
