# x,  y
24.000000  319.000000
25.000000  317.629748
26.000000  316.370252
27.000000  315.000000
28.000000  313.647308
29.000000  312.517560
30.000000  311.500000
31.000000  310.482440
32.000000  309.352692
33.000000  308.017560
34.000000  306.777056
35.000000  305.870252
36.000000  304.852692
37.000000  303.629748
38.000000  302.517560
39.000000  301.482440
40.000000  300.352692
41.000000  299.000000
42.000000  297.647308
43.000000  296.517560
44.000000  295.500000
45.000000  294.482440
46.000000  293.352692
47.000000  292.000000
48.000000  290.647308
49.000000  289.517560
50.000000  288.482440
51.000000  287.352692
52.000000  286.000000
53.000000  284.647308
54.000000  283.517560
55.000000  282.500000
56.000000  281.500000
57.000000  280.500000
58.000000  279.482440
59.000000  278.370252
60.000000  277.129748
61.000000  276.000000
62.000000  274.870252
63.000000  273.629748
64.000000  272.500000
65.000000  271.370252
66.000000  270.129748
67.000000  269.000000
68.000000  267.870252
69.000000  266.629748
70.000000  265.517560
71.000000  264.500000
72.000000  263.500000
73.000000  262.482440
74.000000  261.352692
75.000000  260.000000
76.000000  258.647308
77.000000  257.517560
78.000000  256.500000
79.000000  255.500000
80.000000  254.500000
81.000000  253.482440
82.000000  252.370252
83.000000  251.129748
84.000000  250.000000
85.000000  248.870252
86.000000  247.629748
87.000000  246.517560
88.000000  245.500000
89.000000  244.500000
90.000000  243.500000
91.000000  242.482440
92.000000  241.352692
93.000000  240.000000
94.000000  238.647308
95.000000  237.517560
96.000000  236.500000
97.000000  235.500000
98.000000  234.500000
99.000000  233.500000
100.000000  232.500000
101.000000  231.482440
102.000000  230.370252
103.000000  229.147308
104.000000  228.129748
105.000000  227.222944
106.000000  225.982440
107.000000  224.647308
108.000000  223.517560
109.000000  222.500000
110.000000  221.500000
111.000000  220.500000
112.000000  219.500000
113.000000  218.500000
114.000000  217.482440
115.000000  216.352692
116.000000  215.000000
117.000000  213.647308
118.000000  212.517560
119.000000  211.500000
120.000000  210.500000
121.000000  209.500000
122.000000  208.482440
123.000000  207.352692
124.000000  206.000000
125.000000  204.647308
126.000000  203.517560
127.000000  202.500000
128.000000  201.500000
129.000000  200.500000
130.000000  199.500000
131.000000  198.500000
132.000000  197.482440
133.000000  196.352692
134.000000  195.000000
135.000000  193.647308
136.000000  192.500000
137.000000  191.352692
138.000000  190.000000
139.000000  188.647308
140.000000  187.517560
141.000000  186.500000
142.000000  185.500000
143.000000  184.500000
144.000000  183.500000
145.000000  182.500000
146.000000  181.482440
147.000000  180.370252
148.000000  179.147308
149.000000  178.164867
150.000000  177.517560
151.000000  177.000000
152.000000  176.517560
172.000000  176.164867
173.000000  176.164867
174.000000  176.535119
175.000000  177.147308
176.000000  178.000000
177.000000  178.870252
178.000000  179.629748
179.000000  180.517560
180.000000  181.517560
181.000000  182.629748
182.000000  183.870252
183.000000  185.000000
184.000000  186.129748
185.000000  187.370252
186.000000  188.482440
187.000000  189.500000
188.000000  190.517560
189.000000  191.647308
190.000000  193.000000
191.000000  194.352692
192.000000  195.500000
193.000000  196.647308
194.000000  198.000000
195.000000  199.370252
196.000000  200.647308
197.000000  202.129748
198.000000  203.722944
199.000000  205.000000
200.000000  206.277056
201.000000  207.870252
202.000000  209.352692
203.000000  210.629748
204.000000  212.017560
205.000000  213.500000
206.000000  215.000000
207.000000  216.500000
208.000000  217.982440
209.000000  219.335133
210.000000  220.370252
211.000000  221.294615
212.000000  222.664867
213.000000  224.370252
214.000000  225.964881
215.000000  227.370252
216.000000  228.647308
217.000000  230.164867
218.000000  232.000000
219.000000  233.852692
220.000000  235.500000
221.000000  237.129748
222.000000  238.887811
223.000000  240.647308
224.000000  242.629748
225.000000  244.722944
226.000000  246.500000
227.000000  248.277056
228.000000  250.387811
229.000000  252.500000
230.000000  254.629748
231.000000  256.852692
232.000000  258.852692
233.000000  260.647308
234.000000  262.647308
235.000000  264.870252
236.000000  266.982440
237.000000  269.000000
238.000000  271.000000
239.000000  273.017560
240.000000  275.147308
241.000000  277.517560
242.000000  280.000000
243.000000  282.482440
244.000000  284.852692
245.000000  286.982440
246.000000  289.000000
247.000000  291.000000
248.000000  293.000000
249.000000  295.000000
250.000000  297.017560
251.000000  299.147308
252.000000  301.500000
253.000000  303.852692
254.000000  306.000000
255.000000  308.164867
256.000000  310.647308
257.000000  313.370252
258.000000  315.964881
259.000000  318.335133
260.000000  320.387811
261.000000  322.441923
262.000000  325.164867
263.000000  328.222944
264.000000  331.000000
265.000000  333.777056
266.000000  336.870252
267.000000  339.852692
268.000000  342.647308
269.000000  345.647308
270.000000  348.852692
271.000000  351.852692
272.000000  354.629748
273.000000  357.517560
274.000000  360.517560
