# Each column is one frame
0.000000 0.000000 0.000000 0.000000 0.000000 0.000000 0.000000 0.000000 0.000000 0.000000 0.000000 0.000000 0.000000 0.000000 0.000000 0.000000 0.000000 0.000000 0.000000 0.000000 
0.003555 0.003145 0.002428 0.001483 0.000404 -0.000707 -0.001747 -0.002625 -0.003259 -0.003590 -0.003584 -0.003234 -0.002569 -0.001648 -0.000559 0.000592 0.001686 0.002612 0.003272 0.003600 
0.007065 0.006259 0.004843 0.002972 0.000833 -0.001372 -0.003441 -0.005189 -0.006456 -0.007123 -0.007120 -0.006436 -0.005124 -0.003301 -0.001141 0.001144 0.003320 0.005164 0.006483 0.007144 
0.010528 0.009342 0.007244 0.004467 0.001287 -0.001995 -0.005081 -0.007692 -0.009591 -0.010598 -0.010608 -0.009604 -0.007663 -0.004958 -0.001746 0.001656 0.004901 0.007655 0.009632 0.010629 
0.013944 0.012392 0.009631 0.005967 0.001765 -0.002578 -0.006667 -0.010134 -0.012663 -0.014015 -0.014048 -0.012739 -0.010186 -0.006619 -0.002374 0.002128 0.006430 0.010086 0.012718 0.014056 
0.017313 0.015409 0.012003 0.007471 0.002266 -0.003121 -0.008200 -0.012515 -0.015671 -0.017372 -0.017439 -0.015838 -0.012692 -0.008281 -0.003023 0.002562 0.007906 0.012456 0.015741 0.017425 
0.020634 0.018392 0.014359 0.008979 0.002791 -0.003623 -0.009680 -0.014834 -0.018616 -0.020669 -0.020779 -0.018902 -0.015181 -0.009946 -0.003694 0.002957 0.009329 0.014765 0.018701 0.020734 
0.023905 0.021341 0.016699 0.010491 0.003338 -0.004086 -0.011107 -0.017092 -0.021497 -0.023907 -0.024069 -0.021929 -0.017650 -0.011612 -0.004386 0.003313 0.010701 0.017014 0.021597 0.023983 
0.027128 0.024255 0.019021 0.012004 0.003907 -0.004510 -0.012480 -0.019288 -0.024315 -0.027084 -0.027307 -0.024919 -0.020101 -0.013278 -0.005097 0.003632 0.012020 0.019201 0.024430 0.027171 
0.030300 0.027133 0.021326 0.013520 0.004497 -0.004895 -0.013802 -0.021424 -0.027067 -0.030199 -0.030493 -0.027871 -0.022531 -0.014943 -0.005828 0.003913 0.013288 0.021328 0.027198 0.030299 
0.033423 0.029976 0.023612 0.015037 0.005108 -0.005241 -0.015071 -0.023498 -0.029756 -0.033254 -0.033627 -0.030785 -0.024940 -0.016607 -0.006578 0.004157 0.014504 0.023393 0.029902 0.033366 
0.036494 0.032781 0.025879 0.016554 0.005739 -0.005550 -0.016288 -0.025511 -0.032380 -0.036246 -0.036707 -0.033659 -0.027327 -0.018270 -0.007345 0.004365 0.015670 0.025398 0.032542 0.036371 
0.039514 0.035549 0.028126 0.018071 0.006389 -0.005821 -0.017453 -0.027463 -0.034939 -0.039176 -0.039734 -0.036493 -0.029692 -0.019930 -0.008131 0.004537 0.016784 0.027343 0.035118 0.039314 
0.042483 0.038279 0.030353 0.019588 0.007059 -0.006056 -0.018568 -0.029354 -0.037434 -0.042045 -0.042707 -0.039287 -0.032034 -0.021586 -0.008933 0.004674 0.017848 0.029226 0.037629 0.042195 
0.045399 0.040970 0.032560 0.021103 0.007747 -0.006254 -0.019631 -0.031184 -0.039864 -0.044850 -0.045625 -0.042039 -0.034352 -0.023239 -0.009752 0.004775 0.018862 0.031050 0.040075 0.045014 
0.048264 0.043623 0.034745 0.022617 0.008453 -0.006416 -0.020643 -0.032954 -0.042230 -0.047593 -0.048489 -0.044750 -0.036646 -0.024887 -0.010586 0.004843 0.019826 0.032813 0.042457 0.047770 
0.051075 0.046237 0.036908 0.024128 0.009177 -0.006542 -0.021606 -0.034664 -0.044531 -0.050273 -0.051297 -0.047419 -0.038915 -0.026530 -0.011435 0.004876 0.020740 0.034516 0.044774 0.050464 
0.053834 0.048812 0.039049 0.025636 0.009917 -0.006634 -0.022519 -0.036314 -0.046767 -0.052890 -0.054050 -0.050045 -0.041158 -0.028167 -0.012299 0.004876 0.021605 0.036159 0.047026 0.053094 
0.056540 0.051346 0.041167 0.027141 0.010674 -0.006691 -0.023382 -0.037904 -0.048939 -0.055444 -0.056747 -0.052628 -0.043375 -0.029797 -0.013176 0.004843 0.022422 0.037743 0.049214 0.055662 
0.059192 0.053840 0.043262 0.028642 0.011446 -0.006715 -0.024197 -0.039435 -0.051046 -0.057935 -0.059388 -0.055168 -0.045566 -0.031421 -0.014067 0.004777 0.023191 0.039267 0.051338 0.058167 
0.061791 0.056293 0.045332 0.030138 0.012233 -0.006705 -0.024963 -0.040907 -0.053090 -0.060362 -0.061973 -0.057664 -0.047730 -0.033036 -0.014970 0.004680 0.023912 0.040733 0.053397 0.060609 
0.064336 0.058705 0.047379 0.031629 0.013034 -0.006663 -0.025681 -0.042320 -0.055069 -0.062726 -0.064501 -0.060115 -0.049866 -0.034644 -0.015886 0.004552 0.024586 0.042140 0.055393 0.062987 
0.066827 0.061076 0.049401 0.033115 0.013850 -0.006588 -0.026352 -0.043675 -0.056985 -0.065028 -0.066973 -0.062522 -0.051973 -0.036242 -0.016813 0.004393 0.025213 0.043489 0.057325 0.065303 
0.069264 0.063405 0.051398 0.034594 0.014679 -0.006482 -0.026976 -0.044972 -0.058838 -0.067266 -0.069388 -0.064885 -0.054053 -0.037832 -0.017750 0.004204 0.025793 0.044780 0.059193 0.067556 
0.071647 0.065693 0.053370 0.036067 0.015521 -0.006345 -0.027554 -0.046211 -0.060627 -0.069441 -0.071747 -0.067202 -0.056103 -0.039411 -0.018698 0.003986 0.026329 0.046014 0.060997 0.069746 
0.073976 0.067938 0.055316 0.037533 0.016375 -0.006177 -0.028085 -0.047394 -0.062353 -0.071553 -0.074048 -0.069473 -0.058124 -0.040980 -0.019656 0.003739 0.026818 0.047190 0.062739 0.071873 
0.076251 0.070142 0.057235 0.038991 0.017240 -0.005979 -0.028571 -0.048520 -0.064017 -0.073602 -0.076293 -0.071699 -0.060115 -0.042538 -0.020622 0.003464 0.027263 0.048310 0.064418 0.073937 
0.078472 0.072303 0.059128 0.040441 0.018118 -0.005752 -0.029013 -0.049589 -0.065618 -0.075589 -0.078480 -0.073880 -0.062076 -0.044084 -0.021597 0.003161 0.027664 0.049374 0.066034 0.075939 
0.080638 0.074421 0.060995 0.041883 0.019005 -0.005496 -0.029410 -0.050603 -0.067158 -0.077514 -0.080611 -0.076014 -0.064006 -0.045619 -0.022580 0.002831 0.028022 0.050382 0.067588 0.077878 
0.082750 0.076497 0.062834 0.043316 0.019903 -0.005212 -0.029764 -0.051562 -0.068636 -0.079376 -0.082685 -0.078102 -0.065906 -0.047141 -0.023571 0.002474 0.028336 0.051335 0.069081 0.079755 
0.084808 0.078530 0.064646 0.044739 0.020811 -0.004900 -0.030074 -0.052467 -0.070053 -0.081177 -0.084701 -0.080144 -0.067774 -0.048650 -0.024568 0.002091 0.028608 0.052233 0.070512 0.081571 
0.086812 0.080519 0.066431 0.046153 0.021727 -0.004561 -0.030342 -0.053317 -0.071409 -0.082915 -0.086662 -0.082140 -0.069611 -0.050146 -0.025572 0.001684 0.028839 0.053078 0.071882 0.083325 
0.088763 0.082466 0.068187 0.047557 0.022653 -0.004195 -0.030567 -0.054113 -0.072705 -0.084593 -0.088565 -0.084089 -0.071417 -0.051629 -0.026581 0.001251 0.029028 0.053868 0.073192 0.085017 
0.090659 0.084370 0.069916 0.048951 0.023586 -0.003804 -0.030752 -0.054857 -0.073941 -0.086209 -0.090412 -0.085991 -0.073190 -0.053097 -0.027595 0.000794 0.029176 0.054606 0.074441 0.086648 
0.092501 0.086231 0.071616 0.050333 0.024527 -0.003387 -0.030896 -0.055548 -0.075118 -0.087765 -0.092203 -0.087847 -0.074931 -0.054551 -0.028615 0.000314 0.029284 0.055291 0.075631 0.088219 
0.094290 0.088048 0.073287 0.051705 0.025475 -0.002946 -0.030999 -0.056187 -0.076235 -0.089260 -0.093937 -0.089657 -0.076640 -0.055989 -0.029638 -0.000189 0.029353 0.055924 0.076761 0.089729 
0.096026 0.089822 0.074930 0.053065 0.026430 -0.002480 -0.031063 -0.056775 -0.077295 -0.090695 -0.095616 -0.091419 -0.078316 -0.057413 -0.030665 -0.000715 0.029383 0.056505 0.077833 0.091179 
0.097708 0.091554 0.076544 0.054412 0.027391 -0.001990 -0.031088 -0.057312 -0.078296 -0.092071 -0.097238 -0.093136 -0.079960 -0.058821 -0.031696 -0.001262 0.029374 0.057036 0.078847 0.092569 
0.099338 0.093242 0.078129 0.055748 0.028358 -0.001478 -0.031075 -0.057799 -0.079241 -0.093387 -0.098805 -0.094805 -0.081571 -0.060213 -0.032729 -0.001831 0.029329 0.057517 0.079802 0.093900 
0.100914 0.094886 0.079685 0.057071 0.029330 -0.000943 -0.031023 -0.058236 -0.080128 -0.094645 -0.100317 -0.096429 -0.083148 -0.061589 -0.033764 -0.002420 0.029246 0.057948 0.080701 0.095172 
0.102438 0.096488 0.081211 0.058382 0.030306 -0.000386 -0.030935 -0.058625 -0.080959 -0.095844 -0.101774 -0.098006 -0.084693 -0.062949 -0.034802 -0.003029 0.029127 0.058330 0.081543 0.096385 
0.103910 0.098047 0.082708 0.059679 0.031287 0.000193 -0.030810 -0.058965 -0.081735 -0.096985 -0.103176 -0.099536 -0.086204 -0.064291 -0.035840 -0.003658 0.028972 0.058664 0.082329 0.097540 
0.105329 0.099563 0.084176 0.060962 0.032272 0.000792 -0.030649 -0.059257 -0.082455 -0.098069 -0.104523 -0.101021 -0.087682 -0.065616 -0.036880 -0.004306 0.028782 0.058950 0.083060 0.098638 
0.106697 0.101036 0.085614 0.062232 0.033261 0.001411 -0.030453 -0.059503 -0.083121 -0.099095 -0.105817 -0.102459 -0.089127 -0.066924 -0.037919 -0.004972 0.028557 0.059189 0.083735 0.099678 
0.108013 0.102467 0.087022 0.063489 0.034252 0.002051 -0.030223 -0.059702 -0.083732 -0.100066 -0.107056 -0.103852 -0.090538 -0.068215 -0.038959 -0.005656 0.028299 0.059381 0.084357 0.100662 
0.109278 0.103854 0.088400 0.064730 0.035247 0.002709 -0.029958 -0.059855 -0.084291 -0.100980 -0.108243 -0.105198 -0.091915 -0.069487 -0.039999 -0.006357 0.028007 0.059528 0.084924 0.101589 
0.110493 0.105200 0.089748 0.065958 0.036243 0.003387 -0.029660 -0.059963 -0.084796 -0.101838 -0.109376 -0.106499 -0.093259 -0.070741 -0.041037 -0.007075 0.027683 0.059629 0.085438 0.102461 
0.111656 0.106503 0.091067 0.067171 0.037241 0.004082 -0.029329 -0.060026 -0.085250 -0.102642 -0.110456 -0.107755 -0.094569 -0.071977 -0.042075 -0.007809 0.027327 0.059686 0.085900 0.103277 
0.112770 0.107764 0.092355 0.068368 0.038241 0.004795 -0.028966 -0.060046 -0.085652 -0.103391 -0.111484 -0.108966 -0.095846 -0.073194 -0.043111 -0.008558 0.026940 0.059699 0.086310 0.104039 
0.113833 0.108983 0.093614 0.069551 0.039242 0.005525 -0.028571 -0.060022 -0.086003 -0.104086 -0.112460 -0.110132 -0.097089 -0.074393 -0.044145 -0.009323 0.026522 0.059669 0.086668 0.104746 
0.114847 0.110160 0.094843 0.070719 0.040243 0.006272 -0.028145 -0.059956 -0.086303 -0.104727 -0.113384 -0.111252 -0.098299 -0.075573 -0.045176 -0.010102 0.026074 0.059596 0.086976 0.105400 
0.115812 0.111296 0.096042 0.071870 0.041245 0.007035 -0.027689 -0.059848 -0.086554 -0.105316 -0.114258 -0.112329 -0.099475 -0.076733 -0.046205 -0.010895 0.025596 0.059482 0.087234 0.106001 
0.116729 0.112390 0.097210 0.073007 0.042247 0.007813 -0.027203 -0.059699 -0.086756 -0.105852 -0.115080 -0.113361 -0.100618 -0.077874 -0.047231 -0.011702 0.025090 0.059326 0.087442 0.106549 
0.117596 0.113444 0.098349 0.074127 0.043248 0.008607 -0.026688 -0.059509 -0.086909 -0.106337 -0.115853 -0.114349 -0.101727 -0.078996 -0.048253 -0.012522 0.024555 0.059129 0.087602 0.107045 
0.118416 0.114456 0.099459 0.075232 0.044249 0.009415 -0.026144 -0.059279 -0.087015 -0.106770 -0.116575 -0.115294 -0.102803 -0.080098 -0.049272 -0.013354 0.023993 0.058893 0.087713 0.107489 
0.119189 0.115428 0.100538 0.076320 0.045249 0.010237 -0.025572 -0.059009 -0.087074 -0.107153 -0.117248 -0.116195 -0.103846 -0.081181 -0.050286 -0.014199 0.023404 0.058618 0.087777 0.107883 
0.119914 0.116359 0.101587 0.077392 0.046247 0.011073 -0.024973 -0.058701 -0.087086 -0.107486 -0.117873 -0.117053 -0.104856 -0.082244 -0.051297 -0.015055 0.022788 0.058303 0.087794 0.108226 
0.120592 0.117250 0.102607 0.078447 0.047243 0.011923 -0.024347 -0.058355 -0.087052 -0.107770 -0.118448 -0.117868 -0.105833 -0.083287 -0.052302 -0.015922 0.022146 0.057951 0.087765 0.108520 
0.121224 0.118101 0.103597 0.079486 0.048238 0.012784 -0.023695 -0.057972 -0.086973 -0.108004 -0.118976 -0.118640 -0.106776 -0.084310 -0.053303 -0.016800 0.021480 0.057562 0.087690 0.108764 
0.121811 0.118912 0.104558 0.080509 0.049231 0.013659 -0.023017 -0.057551 -0.086850 -0.108190 -0.119457 -0.119371 -0.107687 -0.085312 -0.054298 -0.017688 0.020788 0.057136 0.087570 0.108960 
0.122352 0.119684 0.105489 0.081514 0.050220 0.014545 -0.022314 -0.057095 -0.086683 -0.108329 -0.119890 -0.120059 -0.108566 -0.086295 -0.055288 -0.018585 0.020073 0.056674 0.087406 0.109108 
0.122848 0.120417 0.106391 0.082503 0.051207 0.015442 -0.021587 -0.056603 -0.086472 -0.108421 -0.120277 -0.120706 -0.109412 -0.087258 -0.056272 -0.019492 0.019334 0.056177 0.087199 0.109208 
0.123299 0.121111 0.107264 0.083475 0.052191 0.016350 -0.020835 -0.056076 -0.086219 -0.108466 -0.120618 -0.121312 -0.110225 -0.088200 -0.057249 -0.020408 0.018572 0.055645 0.086949 0.109262 
0.123707 0.121767 0.108107 0.084430 0.053172 0.017269 -0.020060 -0.055516 -0.085924 -0.108465 -0.120913 -0.121877 -0.111006 -0.089122 -0.058221 -0.021332 0.017788 0.055078 0.086656 0.109269 
0.124071 0.122385 0.108922 0.085367 0.054148 0.018198 -0.019263 -0.054921 -0.085588 -0.108419 -0.121164 -0.122402 -0.111756 -0.090023 -0.059186 -0.022265 0.016982 0.054479 0.086322 0.109231 
0.124391 0.122964 0.109708 0.086288 0.055121 0.019136 -0.018442 -0.054294 -0.085211 -0.108329 -0.121370 -0.122886 -0.112473 -0.090905 -0.060144 -0.023204 0.016154 0.053847 0.085946 0.109148 
0.124669 0.123507 0.110465 0.087191 0.056090 0.020084 -0.017601 -0.053634 -0.084794 -0.108194 -0.121532 -0.123331 -0.113159 -0.091765 -0.061096 -0.024151 0.015306 0.053182 0.085531 0.109021 
0.124905 0.124011 0.111193 0.088077 0.057055 0.021041 -0.016737 -0.052942 -0.084337 -0.108016 -0.121650 -0.123736 -0.113813 -0.092606 -0.062040 -0.025105 0.014438 0.052486 0.085076 0.108849 
0.125100 0.124479 0.111893 0.088946 0.058015 0.022006 -0.015853 -0.052219 -0.083842 -0.107796 -0.121726 -0.124103 -0.114437 -0.093426 -0.062976 -0.026065 0.013551 0.051759 0.084581 0.108635 
0.125253 0.124911 0.112565 0.089798 0.058970 0.022979 -0.014949 -0.051466 -0.083309 -0.107533 -0.121759 -0.124430 -0.115029 -0.094226 -0.063905 -0.027031 0.012644 0.051002 0.084049 0.108378 
0.125365 0.125306 0.113208 0.090632 0.059920 0.023960 -0.014025 -0.050683 -0.082738 -0.107228 -0.121751 -0.124720 -0.115590 -0.095005 -0.064826 -0.028003 0.011718 0.050216 0.083478 0.108079 
0.125437 0.125666 0.113824 0.091449 0.060865 0.024948 -0.013082 -0.049870 -0.082131 -0.106883 -0.121701 -0.124972 -0.116121 -0.095764 -0.065740 -0.028980 0.010775 0.049400 0.082871 0.107739 
0.125469 0.125989 0.114412 0.092248 0.061804 0.025944 -0.012121 -0.049029 -0.081487 -0.106497 -0.121610 -0.125186 -0.116621 -0.096503 -0.066645 -0.029962 0.009814 0.048555 0.082227 0.107358 
0.125462 0.126278 0.114972 0.093030 0.062738 0.026946 -0.011140 -0.048160 -0.080808 -0.106072 -0.121479 -0.125364 -0.117091 -0.097221 -0.067542 -0.030949 0.008835 0.047683 0.081547 0.106938 
0.125417 0.126532 0.115505 0.093795 0.063666 0.027954 -0.010143 -0.047263 -0.080094 -0.105607 -0.121309 -0.125504 -0.117532 -0.097919 -0.068430 -0.031940 0.007841 0.046784 0.080832 0.106477 
0.125333 0.126752 0.116011 0.094543 0.064588 0.028968 -0.009128 -0.046339 -0.079346 -0.105104 -0.121099 -0.125609 -0.117942 -0.098598 -0.069310 -0.032935 0.006830 0.045858 0.080083 0.105978 
0.125211 0.126937 0.116490 0.095273 0.065504 0.029988 -0.008096 -0.045388 -0.078563 -0.104562 -0.120850 -0.125678 -0.118324 -0.099256 -0.070181 -0.033933 0.005803 0.044905 0.079299 0.105440 
0.125052 0.127089 0.116942 0.095986 0.066414 0.031013 -0.007048 -0.044412 -0.077748 -0.103984 -0.120563 -0.125712 -0.118676 -0.099893 -0.071043 -0.034935 0.004762 0.043928 0.078483 0.104865 
0.124857 0.127207 0.117367 0.096681 0.067318 0.032043 -0.005983 -0.043410 -0.076900 -0.103369 -0.120239 -0.125710 -0.118999 -0.100511 -0.071896 -0.035939 0.003705 0.042925 0.077633 0.104252 
0.124625 0.127292 0.117766 0.097360 0.068215 0.033078 -0.004904 -0.042383 -0.076020 -0.102717 -0.119878 -0.125674 -0.119294 -0.101110 -0.072740 -0.036947 0.002635 0.041898 0.076752 0.103603 
0.124357 0.127345 0.118139 0.098021 0.069105 0.034117 -0.003809 -0.041333 -0.075109 -0.102030 -0.119480 -0.125604 -0.119560 -0.101688 -0.073575 -0.037956 0.001550 0.040846 0.075839 0.102918 
0.124054 0.127366 0.118486 0.098665 0.069988 0.035161 -0.002700 -0.040258 -0.074167 -0.101308 -0.119046 -0.125501 -0.119798 -0.102246 -0.074401 -0.038968 0.000452 0.039772 0.074895 0.102198 
0.123716 0.127354 0.118808 0.099292 0.070865 0.036208 -0.001577 -0.039160 -0.073195 -0.100552 -0.118576 -0.125364 -0.120009 -0.102785 -0.075217 -0.039982 -0.000658 0.038675 0.073920 0.101443 
0.123344 0.127312 0.119104 0.099902 0.071735 0.037259 -0.000440 -0.038040 -0.072194 -0.099762 -0.118072 -0.125194 -0.120191 -0.103305 -0.076024 -0.040997 -0.001782 0.037555 0.072916 0.100654 
0.122938 0.127238 0.119375 0.100495 0.072597 0.038313 0.000710 -0.036897 -0.071163 -0.098938 -0.117533 -0.124992 -0.120347 -0.103805 -0.076821 -0.042014 -0.002917 0.036414 0.071883 0.099831 
0.122499 0.127134 0.119620 0.101071 0.073452 0.039369 0.001874 -0.035733 -0.070104 -0.098082 -0.116961 -0.124758 -0.120476 -0.104286 -0.077608 -0.043031 -0.004065 0.035252 0.070821 0.098976 
0.122027 0.126999 0.119842 0.101631 0.074300 0.040429 0.003049 -0.034548 -0.069018 -0.097194 -0.116355 -0.124493 -0.120578 -0.104748 -0.078386 -0.044050 -0.005223 0.034068 0.069731 0.098088 
0.121522 0.126834 0.120038 0.102173 0.075140 0.041491 0.004237 -0.033342 -0.067903 -0.096275 -0.115716 -0.124196 -0.120654 -0.105190 -0.079154 -0.045069 -0.006393 0.032865 0.068614 0.097168 
0.120986 0.126640 0.120211 0.102700 0.075973 0.042556 0.005437 -0.032116 -0.066762 -0.095324 -0.115045 -0.123869 -0.120703 -0.105614 -0.079913 -0.046088 -0.007573 0.031642 0.067470 0.096216 
0.120419 0.126417 0.120359 0.103209 0.076799 0.043622 0.006648 -0.030870 -0.065595 -0.094343 -0.114342 -0.123511 -0.120727 -0.106019 -0.080661 -0.047108 -0.008763 0.030399 0.066300 0.095234 
0.119821 0.126165 0.120484 0.103703 0.077617 0.044691 0.007870 -0.029605 -0.064402 -0.093332 -0.113607 -0.123124 -0.120726 -0.106405 -0.081400 -0.048127 -0.009963 0.029138 0.065104 0.094222 
0.119192 0.125885 0.120585 0.104179 0.078427 0.045760 0.009103 -0.028321 -0.063184 -0.092292 -0.112842 -0.122707 -0.120699 -0.106773 -0.082128 -0.049147 -0.011172 0.027859 0.063882 0.093181 
0.118534 0.125577 0.120663 0.104640 0.079229 0.046832 0.010346 -0.027019 -0.061942 -0.091223 -0.112047 -0.122262 -0.120647 -0.107123 -0.082847 -0.050166 -0.012391 0.026562 0.062636 0.092110 
0.117846 0.125241 0.120719 0.105085 0.080024 0.047904 0.011599 -0.025699 -0.060675 -0.090126 -0.111222 -0.121788 -0.120571 -0.107454 -0.083556 -0.051184 -0.013618 0.025247 0.061366 0.091011 
0.117130 0.124878 0.120751 0.105513 0.080810 0.048977 0.012862 -0.024361 -0.059385 -0.089001 -0.110368 -0.121286 -0.120471 -0.107768 -0.084255 -0.052201 -0.014854 0.023916 0.060072 0.089883 
0.116385 0.124488 0.120761 0.105926 0.081589 0.050052 0.014133 -0.023007 -0.058071 -0.087849 -0.109485 -0.120756 -0.120346 -0.108063 -0.084944 -0.053217 -0.016098 0.022568 0.058755 0.088729 
0.115612 0.124072 0.120749 0.106323 0.082360 0.051126 0.015414 -0.021636 -0.056735 -0.086671 -0.108574 -0.120199 -0.120198 -0.108341 -0.085623 -0.054233 -0.017350 0.021204 0.057415 0.087547 
0.114812 0.123630 0.120716 0.106705 0.083123 0.052201 0.016704 -0.020249 -0.055377 -0.085466 -0.107635 -0.119615 -0.120027 -0.108602 -0.086292 -0.055246 -0.018609 0.019825 0.056053 0.086339 
0.113985 0.123163 0.120660 0.107071 0.083878 0.053277 0.018002 -0.018847 -0.053997 -0.084236 -0.106669 -0.119005 -0.119833 -0.108845 -0.086951 -0.056259 -0.019876 0.018430 0.054670 0.085105 
0.113131 0.122670 0.120584 0.107421 0.084625 0.054352 0.019308 -0.017429 -0.052596 -0.082981 -0.105676 -0.118368 -0.119616 -0.109070 -0.087600 -0.057269 -0.021149 0.017020 0.053265 0.083846 
0.112251 0.122153 0.120486 0.107757 0.085364 0.055427 0.020621 -0.015996 -0.051175 -0.081701 -0.104656 -0.117707 -0.119377 -0.109279 -0.088239 -0.058278 -0.022429 0.015597 0.051840 0.082562 
0.111346 0.121611 0.120368 0.108077 0.086095 0.056502 0.021942 -0.014549 -0.049733 -0.080397 -0.103611 -0.117020 -0.119116 -0.109471 -0.088869 -0.059285 -0.023715 0.014159 0.050395 0.081253 
0.110416 0.121045 0.120229 0.108383 0.086818 0.057577 0.023271 -0.013088 -0.048272 -0.079069 -0.102541 -0.116309 -0.118833 -0.109647 -0.089488 -0.060290 -0.025007 0.012708 0.048930 0.079921 
0.109461 0.120456 0.120070 0.108673 0.087533 0.058651 0.024606 -0.011613 -0.046791 -0.077719 -0.101446 -0.115573 -0.118528 -0.109806 -0.090098 -0.061293 -0.026305 0.011243 0.047445 0.078566 
0.108481 0.119843 0.119891 0.108950 0.088240 0.059724 0.025948 -0.010124 -0.045292 -0.076345 -0.100327 -0.114813 -0.118203 -0.109948 -0.090698 -0.062294 -0.027609 0.009766 0.045942 0.077187 
0.107479 0.119207 0.119693 0.109211 0.088939 0.060797 0.027296 -0.008623 -0.043774 -0.074950 -0.099183 -0.114030 -0.117857 -0.110075 -0.091288 -0.063292 -0.028918 0.008276 0.044421 0.075786 
0.106453 0.118550 0.119475 0.109459 0.089631 0.061869 0.028650 -0.007109 -0.042238 -0.073533 -0.098017 -0.113224 -0.117490 -0.110186 -0.091868 -0.064287 -0.030231 0.006775 0.042882 0.074364 
0.105404 0.117870 0.119238 0.109692 0.090314 0.062939 0.030010 -0.005583 -0.040685 -0.072095 -0.096827 -0.112396 -0.117103 -0.110281 -0.092439 -0.065280 -0.031550 0.005261 0.041325 0.072920 
0.104333 0.117168 0.118983 0.109911 0.090989 0.064009 0.031376 -0.004045 -0.039115 -0.070636 -0.095615 -0.111545 -0.116697 -0.110360 -0.093000 -0.066271 -0.032873 0.003737 0.039751 0.071455 
0.103239 0.116445 0.118709 0.110117 0.091657 0.065077 0.032747 -0.002495 -0.037528 -0.069157 -0.094381 -0.110672 -0.116271 -0.110425 -0.093552 -0.067258 -0.034201 0.002201 0.038161 0.069969 
0.102125 0.115701 0.118417 0.110309 0.092316 0.066144 0.034124 -0.000935 -0.035925 -0.067658 -0.093125 -0.109778 -0.115825 -0.110474 -0.094094 -0.068243 -0.035532 0.000654 0.036554 0.068464 
0.100989 0.114937 0.118107 0.110487 0.092968 0.067209 0.035505 0.000637 -0.034306 -0.066140 -0.091848 -0.108864 -0.115361 -0.110509 -0.094627 -0.069225 -0.036868 -0.000902 0.034932 0.066939 
0.099833 0.114152 0.117779 0.110653 0.093612 0.068273 0.036891 0.002219 -0.032671 -0.064603 -0.090550 -0.107928 -0.114879 -0.110528 -0.095151 -0.070204 -0.038207 -0.002469 0.033294 0.065395 
0.098656 0.113348 0.117435 0.110805 0.094248 0.069335 0.038281 0.003811 -0.031022 -0.063047 -0.089233 -0.106972 -0.114378 -0.110534 -0.095665 -0.071180 -0.039550 -0.004046 0.031642 0.063832 
0.097460 0.112524 0.117073 0.110944 0.094877 0.070395 0.039676 0.005414 -0.029358 -0.061473 -0.087895 -0.105997 -0.113860 -0.110525 -0.096170 -0.072152 -0.040896 -0.005631 0.029975 0.062251 
0.096245 0.111682 0.116694 0.111070 0.095498 0.071454 0.041075 0.007026 -0.027679 -0.059882 -0.086538 -0.105002 -0.113323 -0.110502 -0.096667 -0.073122 -0.042245 -0.007226 0.028293 0.060652 
0.095010 0.110820 0.116299 0.111184 0.096112 0.072510 0.042478 0.008647 -0.025987 -0.058273 -0.085162 -0.103988 -0.112770 -0.110465 -0.097154 -0.074088 -0.043596 -0.008830 0.026598 0.059036 
0.093757 0.109941 0.115888 0.111286 0.096718 0.073565 0.043885 0.010277 -0.024281 -0.056648 -0.083767 -0.102956 -0.112200 -0.110415 -0.097632 -0.075051 -0.044951 -0.010442 0.024890 0.057403 
0.092486 0.109043 0.115462 0.111375 0.097317 0.074618 0.045295 0.011916 -0.022562 -0.055006 -0.082354 -0.101905 -0.111613 -0.110352 -0.098101 -0.076011 -0.046308 -0.012063 0.023168 0.055753 
0.091197 0.108128 0.115019 0.111452 0.097908 0.075668 0.046708 0.013564 -0.020831 -0.053349 -0.080924 -0.100837 -0.111010 -0.110275 -0.098562 -0.076968 -0.047668 -0.013691 0.021434 0.054087 
0.089891 0.107196 0.114562 0.111518 0.098492 0.076717 0.048125 0.015220 -0.019086 -0.051675 -0.079476 -0.099751 -0.110391 -0.110185 -0.099015 -0.077921 -0.049030 -0.015328 0.019687 0.052405 
0.088568 0.106247 0.114089 0.111572 0.099069 0.077763 0.049545 0.016883 -0.017330 -0.049987 -0.078012 -0.098648 -0.109756 -0.110083 -0.099458 -0.078870 -0.050394 -0.016971 0.017929 0.050708 
0.087229 0.105282 0.113602 0.111614 0.099638 0.078807 0.050967 0.018555 -0.015562 -0.048284 -0.076530 -0.097528 -0.109106 -0.109968 -0.099894 -0.079817 -0.051760 -0.018622 0.016158 0.048996 
0.085873 0.104300 0.113100 0.111645 0.100201 0.079849 0.052393 0.020233 -0.013783 -0.046566 -0.075033 -0.096392 -0.108441 -0.109841 -0.100321 -0.080759 -0.053128 -0.020279 0.014377 0.047270 
0.084502 0.103303 0.112585 0.111665 0.100757 0.080889 0.053821 0.021919 -0.011992 -0.044834 -0.073520 -0.095240 -0.107761 -0.109702 -0.100740 -0.081699 -0.054497 -0.021944 0.012584 0.045529 
0.083115 0.102290 0.112055 0.111675 0.101305 0.081926 0.055251 0.023612 -0.010191 -0.043089 -0.071992 -0.094072 -0.107067 -0.109551 -0.101150 -0.082635 -0.055868 -0.023614 0.010781 0.043775 
0.081714 0.101263 0.111512 0.111673 0.101847 0.082961 0.056683 0.025311 -0.008379 -0.041330 -0.070448 -0.092890 -0.106358 -0.109388 -0.101553 -0.083567 -0.057241 -0.025291 0.008968 0.042007 
0.080297 0.100220 0.110956 0.111662 0.102383 0.083994 0.058118 0.027017 -0.006557 -0.039558 -0.068891 -0.091692 -0.105636 -0.109214 -0.101948 -0.084497 -0.058615 -0.026974 0.007144 0.040226 
0.078867 0.099164 0.110387 0.111640 0.102911 0.085024 0.059555 0.028730 -0.004725 -0.037774 -0.067318 -0.090480 -0.104901 -0.109029 -0.102336 -0.085422 -0.059990 -0.028663 0.005311 0.038432 
0.077423 0.098093 0.109805 0.111607 0.103433 0.086052 0.060994 0.030448 -0.002884 -0.035978 -0.065733 -0.089253 -0.104152 -0.108833 -0.102716 -0.086344 -0.061366 -0.030357 0.003468 0.036626 
0.075965 0.097009 0.109211 0.111565 0.103949 0.087077 0.062434 0.032172 -0.001033 -0.034169 -0.064133 -0.088013 -0.103390 -0.108626 -0.103088 -0.087263 -0.062743 -0.032056 0.001616 0.034808 
0.074494 0.095911 0.108604 0.111514 0.104459 0.088100 0.063876 0.033901 0.000826 -0.032349 -0.062521 -0.086759 -0.102616 -0.108409 -0.103453 -0.088179 -0.064121 -0.033761 -0.000245 0.032978 
0.073010 0.094800 0.107986 0.111453 0.104962 0.089121 0.065320 0.035636 0.002695 -0.030518 -0.060895 -0.085492 -0.101829 -0.108182 -0.103811 -0.089091 -0.065499 -0.035470 -0.002114 0.031137 
0.071514 0.093677 0.107357 0.111382 0.105459 0.090139 0.066765 0.037376 0.004571 -0.028676 -0.059258 -0.084213 -0.101031 -0.107944 -0.104162 -0.089999 -0.066879 -0.037184 -0.003991 0.029285 
0.070005 0.092541 0.106716 0.111303 0.105950 0.091155 0.068212 0.039121 0.006456 -0.026823 -0.057608 -0.082920 -0.100221 -0.107697 -0.104506 -0.090904 -0.068259 -0.038903 -0.005877 0.027423 
0.068485 0.091393 0.106064 0.111215 0.106435 0.092168 0.069659 0.040871 0.008349 -0.024960 -0.055946 -0.081616 -0.099399 -0.107440 -0.104843 -0.091806 -0.069639 -0.040626 -0.007770 0.025550 
0.066954 0.090234 0.105401 0.111118 0.106915 0.093179 0.071108 0.042625 0.010249 -0.023087 -0.054273 -0.080300 -0.098566 -0.107174 -0.105173 -0.092705 -0.071020 -0.042353 -0.009671 0.023666 
0.065411 0.089063 0.104728 0.111012 0.107388 0.094188 0.072558 0.044384 0.012157 -0.021205 -0.052589 -0.078972 -0.097723 -0.106899 -0.105497 -0.093600 -0.072402 -0.044085 -0.011579 0.021774 
0.063858 0.087881 0.104045 0.110899 0.107857 0.095194 0.074009 0.046147 0.014072 -0.019313 -0.050895 -0.077634 -0.096869 -0.106615 -0.105815 -0.094492 -0.073783 -0.045820 -0.013494 0.019871 
0.062294 0.086689 0.103352 0.110777 0.108319 0.096197 0.075461 0.047914 0.015993 -0.017412 -0.049190 -0.076284 -0.096004 -0.106322 -0.106126 -0.095381 -0.075165 -0.047558 -0.015415 0.017960 
0.060720 0.085486 0.102649 0.110647 0.108777 0.097199 0.076914 0.049685 0.017922 -0.015502 -0.047474 -0.074924 -0.095130 -0.106020 -0.106431 -0.096267 -0.076547 -0.049301 -0.017344 0.016040 
0.059136 0.084272 0.101937 0.110510 0.109229 0.098198 0.078367 0.051460 0.019856 -0.013584 -0.045750 -0.073554 -0.094246 -0.105711 -0.106730 -0.097150 -0.077929 -0.051046 -0.019278 0.014111 
0.057543 0.083049 0.101215 0.110365 0.109676 0.099195 0.079821 0.053238 0.021797 -0.011658 -0.044015 -0.072174 -0.093353 -0.105393 -0.107023 -0.098030 -0.079312 -0.052795 -0.021218 0.012174 
0.055940 0.081817 0.100485 0.110213 0.110118 0.100189 0.081276 0.055020 0.023744 -0.009724 -0.042271 -0.070784 -0.092450 -0.105068 -0.107311 -0.098906 -0.080694 -0.054547 -0.023165 0.010229 
0.054329 0.080575 0.099746 0.110054 0.110555 0.101181 0.082731 0.056805 0.025696 -0.007782 -0.040519 -0.069385 -0.091539 -0.104735 -0.107593 -0.099780 -0.082076 -0.056301 -0.025117 0.008277 
0.052709 0.079324 0.098999 0.109889 0.110987 0.102171 0.084187 0.058593 0.027654 -0.005833 -0.038758 -0.067977 -0.090618 -0.104394 -0.107869 -0.100651 -0.083458 -0.058059 -0.027074 0.006317 
0.051081 0.078065 0.098244 0.109716 0.111415 0.103159 0.085643 0.060385 0.029617 -0.003877 -0.036989 -0.066560 -0.089690 -0.104047 -0.108141 -0.101519 -0.084840 -0.059819 -0.029036 0.004350 
0.049444 0.076797 0.097481 0.109537 0.111838 0.104145 0.087099 0.062179 0.031585 -0.001914 -0.035211 -0.065135 -0.088754 -0.103692 -0.108407 -0.102384 -0.086222 -0.061582 -0.031004 0.002376 
0.047800 0.075521 0.096711 0.109351 0.112257 0.105128 0.088556 0.063975 0.033559 0.000056 -0.033426 -0.063702 -0.087809 -0.103331 -0.108668 -0.103246 -0.087604 -0.063347 -0.032976 0.000395 
0.046148 0.074237 0.095933 0.109160 0.112671 0.106109 0.090013 0.065775 0.035536 0.002032 -0.031634 -0.062260 -0.086858 -0.102963 -0.108924 -0.104106 -0.088985 -0.065114 -0.034952 -0.001592 
0.044489 0.072946 0.095148 0.108963 0.113082 0.107089 0.091471 0.067577 0.037519 0.004014 -0.029834 -0.060812 -0.085898 -0.102589 -0.109176 -0.104963 -0.090366 -0.066884 -0.036933 -0.003585 
0.042823 0.071647 0.094356 0.108760 0.113488 0.108066 0.092928 0.069381 0.039505 0.006002 -0.028028 -0.059355 -0.084932 -0.102209 -0.109423 -0.105817 -0.091747 -0.068655 -0.038919 -0.005584 
0.041151 0.070342 0.093558 0.108551 0.113891 0.109042 0.094386 0.071187 0.041496 0.007996 -0.026214 -0.057892 -0.083959 -0.101822 -0.109665 -0.106669 -0.093128 -0.070429 -0.040908 -0.007589 
0.039472 0.069029 0.092753 0.108337 0.114289 0.110015 0.095844 0.072996 0.043491 0.009995 -0.024395 -0.056422 -0.082980 -0.101431 -0.109903 -0.107519 -0.094508 -0.072204 -0.042901 -0.009599 
0.037787 0.067710 0.091942 0.108118 0.114684 0.110987 0.097302 0.074806 0.045489 0.011999 -0.022569 -0.054946 -0.081994 -0.101033 -0.110138 -0.108366 -0.095888 -0.073981 -0.044898 -0.011615 
0.036096 0.066385 0.091125 0.107894 0.115075 0.111956 0.098760 0.076619 0.047491 0.014009 -0.020738 -0.053463 -0.081002 -0.100630 -0.110368 -0.109211 -0.097267 -0.075760 -0.046898 -0.013635 
0.034399 0.065054 0.090302 0.107665 0.115463 0.112924 0.100218 0.078433 0.049497 0.016022 -0.018900 -0.051974 -0.080004 -0.100223 -0.110594 -0.110053 -0.098647 -0.077540 -0.048902 -0.015661 
0.032697 0.063717 0.089474 0.107431 0.115848 0.113891 0.101676 0.080249 0.051506 0.018041 -0.017058 -0.050480 -0.079001 -0.099810 -0.110816 -0.110894 -0.100025 -0.079322 -0.050908 -0.017690 
0.030989 0.062374 0.088641 0.107193 0.116229 0.114855 0.103134 0.082067 0.053518 0.020064 -0.015210 -0.048980 -0.077992 -0.099392 -0.111035 -0.111732 -0.101404 -0.081105 -0.052918 -0.019725 
0.029277 0.061026 0.087803 0.106951 0.116608 0.115818 0.104592 0.083886 0.055533 0.022091 -0.013357 -0.047474 -0.076978 -0.098970 -0.111250 -0.112568 -0.102782 -0.082890 -0.054931 -0.021763 
0.027560 0.059674 0.086960 0.106705 0.116983 0.116780 0.106049 0.085707 0.057550 0.024122 -0.011500 -0.045964 -0.075959 -0.098544 -0.111462 -0.113403 -0.104160 -0.084676 -0.056946 -0.023805 
0.025838 0.058316 0.086112 0.106455 0.117355 0.117739 0.107507 0.087529 0.059571 0.026156 -0.009638 -0.044449 -0.074935 -0.098113 -0.111671 -0.114235 -0.105537 -0.086463 -0.058964 -0.025851 
0.024112 0.056954 0.085260 0.106201 0.117725 0.118698 0.108965 0.089352 0.061594 0.028195 -0.007772 -0.042929 -0.073907 -0.097679 -0.111877 -0.115065 -0.106914 -0.088251 -0.060985 -0.027901 
0.022382 0.055587 0.084403 0.105943 0.118092 0.119655 0.110422 0.091177 0.063619 0.030236 -0.005901 -0.041404 -0.072875 -0.097241 -0.112080 -0.115894 -0.108290 -0.090039 -0.063008 -0.029954 
0.020648 0.054216 0.083543 0.105682 0.118457 0.120610 0.111880 0.093002 0.065647 0.032281 -0.004027 -0.039876 -0.071838 -0.096799 -0.112280 -0.116721 -0.109666 -0.091829 -0.065033 -0.032010 
0.018910 0.052841 0.082679 0.105418 0.118819 0.121565 0.113337 0.094829 0.067676 0.034329 -0.002149 -0.038343 -0.070798 -0.096353 -0.112477 -0.117547 -0.111042 -0.093620 -0.067060 -0.034070 
0.017169 0.051463 0.081811 0.105151 0.119179 0.122518 0.114795 0.096657 0.069708 0.036380 -0.000268 -0.036807 -0.069754 -0.095904 -0.112672 -0.118371 -0.112417 -0.095412 -0.069089 -0.036132 
0.015425 0.050080 0.080940 0.104881 0.119537 0.123469 0.116252 0.098485 0.071742 0.038433 0.001617 -0.035267 -0.068706 -0.095453 -0.112864 -0.119193 -0.113792 -0.097204 -0.071120 -0.038197 
0.013677 0.048695 0.080065 0.104607 0.119893 0.124420 0.117709 0.100315 0.073777 0.040489 0.003504 -0.033724 -0.067655 -0.094998 -0.113054 -0.120014 -0.115166 -0.098997 -0.073152 -0.040265 
0.011926 0.047306 0.079188 0.104332 0.120247 0.125370 0.119165 0.102145 0.075814 0.042548 0.005395 -0.032178 -0.066601 -0.094540 -0.113242 -0.120834 -0.116540 -0.100791 -0.075187 -0.042335 
0.010173 0.045914 0.078307 0.104054 0.120598 0.126318 0.120622 0.103976 0.077853 0.044609 0.007289 -0.030629 -0.065544 -0.094080 -0.113428 -0.121652 -0.117914 -0.102585 -0.077222 -0.044407 
0.008417 0.044520 0.077424 0.103773 0.120949 0.127266 0.122078 0.105808 0.079893 0.046672 0.009185 -0.029077 -0.064484 -0.093617 -0.113612 -0.122469 -0.119287 -0.104380 -0.079260 -0.046481 
0.006659 0.043123 0.076538 0.103490 0.121297 0.128212 0.123535 0.107640 0.081935 0.048736 0.011083 -0.027522 -0.063421 -0.093152 -0.113794 -0.123285 -0.120660 -0.106176 -0.081298 -0.048558 
0.004898 0.041723 0.075650 0.103206 0.121644 0.129158 0.124991 0.109473 0.083978 0.050803 0.012984 -0.025965 -0.062356 -0.092685 -0.113974 -0.124100 -0.122033 -0.107972 -0.083338 -0.050636 
0.003135 0.040321 0.074760 0.102919 0.121990 0.130103 0.126447 0.111307 0.086022 0.052871 0.014886 -0.024405 -0.061289 -0.092215 -0.114153 -0.124914 -0.123405 -0.109768 -0.085379 -0.052716 
0.001370 0.038917 0.073868 0.102630 0.122334 0.131047 0.127903 0.113141 0.088067 0.054942 0.016791 -0.022843 -0.060220 -0.091744 -0.114330 -0.125727 -0.124777 -0.111565 -0.087421 -0.054798 
-0.000396 0.037511 0.072973 0.102340 0.122677 0.131990 0.129358 0.114975 0.090113 0.057013 0.018698 -0.021280 -0.059148 -0.091271 -0.114505 -0.126539 -0.126149 -0.113362 -0.089464 -0.056881 
-0.002165 0.036103 0.072077 0.102048 0.123018 0.132933 0.130814 0.116810 0.092160 0.059086 0.020606 -0.019714 -0.058075 -0.090796 -0.114680 -0.127350 -0.127521 -0.115159 -0.091507 -0.058965 
-0.003935 0.034693 0.071179 0.101755 0.123359 0.133875 0.132269 0.118645 0.094208 0.061160 0.022516 -0.018147 -0.057000 -0.090320 -0.114853 -0.128160 -0.128892 -0.116957 -0.093552 -0.061051 
-0.005706 0.033282 0.070280 0.101460 0.123699 0.134816 0.133725 0.120481 0.096257 0.063235 0.024427 -0.016578 -0.055924 -0.089842 -0.115025 -0.128970 -0.130263 -0.118755 -0.095597 -0.063138 
-0.007479 0.031869 0.069379 0.101165 0.124037 0.135757 0.135180 0.122317 0.098306 0.065312 0.026339 -0.015008 -0.054846 -0.089364 -0.115196 -0.129779 -0.131634 -0.120553 -0.097643 -0.065226 
-0.009252 0.030455 0.068477 0.100868 0.124375 0.136697 0.136635 0.124153 0.100356 0.067389 0.028253 -0.013437 -0.053767 -0.088883 -0.115366 -0.130587 -0.133004 -0.122351 -0.099690 -0.067315 
-0.011027 0.029040 0.067574 0.100570 0.124712 0.137637 0.138090 0.125989 0.102407 0.069467 0.030168 -0.011864 -0.052687 -0.088402 -0.115535 -0.131395 -0.134375 -0.124150 -0.101737 -0.069404 
-0.012803 0.027624 0.066670 0.100271 0.125049 0.138576 0.139544 0.127826 0.104458 0.071546 0.032083 -0.010290 -0.051605 -0.087920 -0.115704 -0.132202 -0.135745 -0.125949 -0.103785 -0.071495 
-0.014580 0.026207 0.065765 0.099971 0.125384 0.139515 0.140999 0.129663 0.106510 0.073625 0.034000 -0.008716 -0.050523 -0.087437 -0.115872 -0.133009 -0.137115 -0.127747 -0.105833 -0.073586 
-0.016357 0.024789 0.064859 0.099671 0.125719 0.140454 0.142454 0.131500 0.108562 0.075706 0.035917 -0.007140 -0.049440 -0.086953 -0.116039 -0.133816 -0.138485 -0.129546 -0.107881 -0.075678 
-0.018136 0.023370 0.063952 0.099370 0.126054 0.141393 0.143908 0.133337 0.110614 0.077786 0.037835 -0.005564 -0.048356 -0.086469 -0.116205 -0.134622 -0.139855 -0.131346 -0.109930 -0.077770 
-0.019914 0.021951 0.063045 0.099068 0.126388 0.142331 0.145363 0.135174 0.112667 0.079867 0.039754 -0.003987 -0.047271 -0.085984 -0.116372 -0.135428 -0.141224 -0.133145 -0.111979 -0.079863 
-0.021694 0.020531 0.062137 0.098766 0.126722 0.143269 0.146817 0.137011 0.114720 0.081949 0.041673 -0.002410 -0.046186 -0.085498 -0.116537 -0.136233 -0.142594 -0.134944 -0.114029 -0.081956 
-0.023473 0.019110 0.061229 0.098464 0.127056 0.144206 0.148272 0.138849 0.116773 0.084031 0.043592 -0.000832 -0.045101 -0.085012 -0.116703 -0.137039 -0.143963 -0.136743 -0.116078 -0.084050 
-0.025253 0.017689 0.060320 0.098161 0.127389 0.145144 0.149726 0.140686 0.118826 0.086113 0.045512 0.000747 -0.044015 -0.084526 -0.116868 -0.137844 -0.145333 -0.138543 -0.118128 -0.086144 
-0.027034 0.016268 0.059411 0.097858 0.127722 0.146081 0.151180 0.142524 0.120880 0.088196 0.047432 0.002325 -0.042928 -0.084039 -0.117032 -0.138648 -0.146702 -0.140342 -0.120178 -0.088238 
-0.028814 0.014847 0.058501 0.097554 0.128055 0.147019 0.152634 0.144361 0.122934 0.090278 0.049353 0.003904 -0.041841 -0.083552 -0.117197 -0.139453 -0.148071 -0.142142 -0.122228 -0.090332 
-0.030595 0.013425 0.057592 0.097251 0.128388 0.147956 0.154089 0.146199 0.124987 0.092361 0.051273 0.005483 -0.040755 -0.083065 -0.117361 -0.140258 -0.149440 -0.143941 -0.124278 -0.092427 
-0.032376 0.012003 0.056682 0.096947 0.128720 0.148893 0.155543 0.148037 0.127041 0.094444 0.053194 0.007063 -0.039668 -0.082578 -0.117526 -0.141063 -0.150810 -0.145741 -0.126329 -0.094521 
-0.034157 0.010581 0.055772 0.096643 0.129053 0.149830 0.156997 0.149875 0.129095 0.096527 0.055115 0.008642 -0.038580 -0.082090 -0.117690 -0.141867 -0.152179 -0.147540 -0.128379 -0.096616 
-0.035938 0.009159 0.054862 0.096339 0.129385 0.150767 0.158451 0.151712 0.131149 0.098610 0.057036 0.010222 -0.037493 -0.081603 -0.117854 -0.142671 -0.153548 -0.149340 -0.130429 -0.098711 
-0.037720 0.007737 0.053952 0.096035 0.129718 0.151704 0.159905 0.153550 0.133203 0.100693 0.058957 0.011801 -0.036406 -0.081115 -0.118018 -0.143476 -0.154917 -0.151140 -0.132480 -0.100805 
-0.039501 0.006315 0.053042 0.095731 0.130050 0.152641 0.161359 0.155388 0.135257 0.102777 0.060878 0.013381 -0.035318 -0.080628 -0.118182 -0.144280 -0.156286 -0.152939 -0.134530 -0.102900 
-0.041282 0.004892 0.052132 0.095427 0.130382 0.153578 0.162814 0.157225 0.137311 0.104860 0.062799 0.014961 -0.034231 -0.080140 -0.118346 -0.145085 -0.157655 -0.154739 -0.136581 -0.104995 
-0.043064 0.003470 0.051222 0.095123 0.130715 0.154515 0.164268 0.159063 0.139365 0.106943 0.064720 0.016540 -0.033144 -0.079652 -0.118510 -0.145889 -0.159024 -0.156538 -0.138631 -0.107090 
