# x,  y
49.000000  363.964881
50.000000  358.017560
51.000000  352.147308
52.000000  346.482440
53.000000  340.722944
54.000000  334.647308
55.000000  328.812175
56.000000  323.535119
57.000000  318.500000
58.000000  313.500000
59.000000  308.535119
60.000000  303.794615
61.000000  299.517560
62.000000  295.405371
63.000000  291.424364
64.000000  288.017560
65.000000  284.705385
66.000000  281.000000
67.000000  277.294615
68.000000  274.017560
69.000000  270.887811
70.000000  267.794615
71.000000  265.164867
72.000000  262.852692
73.000000  260.370252
74.000000  257.777056
75.000000  255.500000
76.000000  253.222944
77.000000  250.647308
78.000000  248.312175
79.000000  246.500000
80.000000  244.722944
81.000000  242.629748
82.000000  240.647308
83.000000  238.870252
84.000000  237.000000
85.000000  235.147308
86.000000  233.500000
87.000000  231.870252
88.000000  230.147308
89.000000  228.647308
90.000000  227.352692
91.000000  225.852692
92.000000  224.147308
93.000000  222.647308
94.000000  221.370252
95.000000  220.000000
96.000000  218.647308
97.000000  217.500000
98.000000  216.352692
99.000000  215.000000
100.000000  213.629748
101.000000  212.370252
102.000000  211.000000
103.000000  209.629748
104.000000  208.387811
105.000000  207.129748
106.000000  206.000000
107.000000  204.870252
108.000000  203.629748
109.000000  202.500000
110.000000  201.370252
111.000000  200.129748
112.000000  199.000000
113.000000  197.870252
114.000000  196.629748
115.000000  195.517560
116.000000  194.500000
117.000000  193.500000
118.000000  192.482440
119.000000  191.370252
120.000000  190.147308
121.000000  189.147308
122.000000  188.370252
123.000000  187.482440
124.000000  186.500000
125.000000  185.500000
126.000000  184.500000
127.000000  183.517560
128.000000  182.629748
129.000000  181.870252
130.000000  181.000000
131.000000  180.129748
132.000000  179.370252
133.000000  178.482440
134.000000  177.517560
135.000000  176.647308
136.000000  176.017560
137.000000  175.517560
138.000000  175.147308
139.000000  175.035119
140.000000  175.147308
141.000000  175.500000
173.000000  175.852692
174.000000  176.000000
175.000000  176.164867
176.000000  176.664867
177.000000  177.517560
178.000000  178.500000
179.000000  179.500000
180.000000  180.500000
181.000000  181.500000
182.000000  182.500000
183.000000  183.500000
184.000000  184.500000
185.000000  185.500000
186.000000  186.500000
187.000000  187.500000
188.000000  188.500000
189.000000  189.500000
190.000000  190.500000
191.000000  191.500000
192.000000  192.500000
193.000000  193.500000
194.000000  194.500000
195.000000  195.500000
196.000000  196.500000
197.000000  197.500000
198.000000  198.482440
199.000000  199.387811
200.000000  200.294615
201.000000  201.647308
202.000000  203.222944
203.000000  204.464881
204.000000  205.517560
205.000000  206.629748
206.000000  207.870252
207.000000  209.000000
208.000000  210.129748
209.000000  211.370252
210.000000  212.482440
211.000000  213.517560
212.000000  214.647308
213.000000  216.000000
214.000000  217.352692
215.000000  218.482440
216.000000  219.517560
217.000000  220.647308
218.000000  222.035119
219.000000  223.629748
220.000000  225.370252
221.000000  227.000000
222.000000  228.629748
223.000000  230.370252
224.000000  232.000000
225.000000  233.664867
226.000000  235.629748
227.000000  237.740504
228.000000  239.629748
229.000000  241.629748
230.000000  243.740504
231.000000  245.647308
232.000000  247.794615
233.000000  250.370252
234.000000  252.852692
235.000000  255.129748
236.000000  257.517560
237.000000  260.000000
238.000000  262.517560
239.000000  265.164867
240.000000  268.129748
241.000000  271.170265
242.000000  273.628315
243.000000  275.883846
244.000000  279.529721
245.000000  284.458049
