# Time (s),  Angular velocity (rad/s)
0.041708  0.031071
0.083417  0.032279
0.125125  0.044358
0.166833  0.062989
0.208542  0.081409
0.250250  0.094754
0.291958  0.101748
0.333666  0.104302
0.375375  0.104468
0.417083  0.103553
0.458791  0.101511
0.500500  0.098184
0.542208  0.094033
0.583916  0.090190
0.625625  0.087431
0.667333  0.085875
0.709041  0.084974
0.750749  0.084470
0.792458  0.084949
0.834166  0.087358
0.875874  0.093357
0.917583  0.103427
0.959291  0.115953
1.000999  0.127128
1.042708  0.132352
1.084416  0.128872
1.126124  0.117652
1.167832  0.101543
1.209541  0.081235
1.251249  0.055696
1.292957  0.024674
1.334666  -0.007339
1.376374  -0.033463
1.418082  -0.051713
1.459791  -0.066479
1.501499  -0.084923
1.543207  -0.108890
1.584915  -0.130088
1.626624  -0.133896
1.668332  -0.110836
1.710040  -0.066030
1.751749  -0.016312
1.793457  0.020126
1.835165  0.036708
1.876874  0.036008
1.918582  0.025398
1.960290  0.008766
2.001998  -0.011354
2.043707  -0.032758
2.085415  -0.055003
2.127123  -0.079366
2.168832  -0.108636
2.210540  -0.140386
2.252248  -0.168692
2.293957  -0.180635
2.335665  -0.166347
2.377373  -0.123459
2.419081  -0.062860
2.460790  -0.000556
2.502498  0.049542
2.544206  0.081173
2.585915  0.097060
2.627623  0.102631
2.669331  0.103046
2.711040  0.100274
2.752748  0.097787
2.794456  0.097901
2.836164  0.101101
2.877873  0.103898
2.919581  0.103429
2.961289  0.097653
3.002998  0.087824
3.044706  0.079602
3.086414  0.080399
3.128123  0.091978
3.169831  0.106615
3.211539  0.114000
3.253247  0.111073
3.294956  0.102809
3.336664  0.094673
3.378372  0.089905
3.420081  0.088564
3.461789  0.089703
3.503497  0.091733
3.545206  0.092725
3.586914  0.091753
3.628622  0.089078
3.670330  0.085330
3.712039  0.081642
3.753747  0.079704
3.795455  0.079698
3.837164  0.080244
3.878872  0.079581
3.920580  0.076852
3.962289  0.072802
4.003997  0.067701
4.045705  0.062101
4.087413  0.056766
4.129122  0.052154
4.170830  0.047610
4.212538  0.042264
4.254247  0.033692
4.295955  0.019059
4.337663  -0.001665
4.379372  -0.025383
4.421080  -0.047123
4.462788  -0.067785
4.504496  -0.092454
4.546205  -0.123872
4.587913  -0.157611
4.629621  -0.184696
4.671330  -0.198009
4.713038  -0.197278
4.754746  -0.189263
4.796455  -0.181712
4.838163  -0.180113
4.879871  -0.182956
4.921579  -0.184459
4.963288  -0.174717
5.004996  -0.150149
5.046704  -0.116736
5.088413  -0.087350
5.130121  -0.071568
5.171829  -0.068799
5.213538  -0.071331
5.255246  -0.068769
5.296954  -0.055413
5.338662  -0.032046
5.380371  -0.006957
5.422079  0.015394
5.463787  0.032907
5.505496  0.047582
5.547204  0.062124
5.588912  0.078385
5.630621  0.096417
5.672329  0.112518
5.714037  0.122910
5.755745  0.126781
5.797454  0.126372
5.839162  0.123479
5.880870  0.120897
5.922579  0.120053
5.964287  0.120736
6.005995  0.121949
6.047704  0.122864
6.089412  0.123867
6.131120  0.125900
6.172828  0.128261
6.214537  0.129637
6.256245  0.129479
6.297953  0.129346
6.339662  0.130866
6.381370  0.133847
6.423078  0.136278
6.464787  0.136496
6.506495  0.134485
6.548203  0.131332
6.589911  0.128051
6.631620  0.124132
6.673328  0.118103
6.715036  0.109105
6.756745  0.098561
6.798453  0.089163
6.840161  0.082106
6.881870  0.076259
6.923578  0.067787
6.965286  0.052818
7.006994  0.029736
7.048703  -0.000086
7.090411  -0.031353
7.132119  -0.057976
7.173828  -0.075708
7.215536  -0.086949
7.257244  -0.096079
7.298953  -0.105265
7.340661  -0.112984
7.382369  -0.117572
7.424077  -0.119311
7.465786  -0.116256
7.507494  -0.109493
7.549202  -0.103352
7.590911  -0.106156
7.632619  -0.121586
7.674327  -0.146822
7.716036  -0.173464
7.757744  -0.193449
7.799452  -0.203641
7.841160  -0.206121
7.882869  -0.207222
7.924577  -0.209838
7.966285  -0.212875
8.007994  -0.210274
8.049702  -0.195845
8.091410  -0.165041
8.133119  -0.119024
8.174827  -0.065476
8.216535  -0.015262
8.258243  0.024332
8.299952  0.051468
8.341660  0.067433
8.383368  0.075697
8.425077  0.079710
8.466785  0.082326
8.508493  0.083782
8.550202  0.084557
8.591910  0.085620
8.633618  0.088826
8.675326  0.094740
8.717035  0.102238
8.758743  0.109595
8.800451  0.115115
8.842160  0.118853
8.883868  0.120995
8.925576  0.122111
8.967285  0.122428
9.008993  0.122535
9.050701  0.123331
9.092409  0.124878
9.134118  0.125983
9.175826  0.124814
9.217534  0.120889
9.259243  0.114960
9.300951  0.108268
9.342659  0.102007
9.384368  0.096534
9.426076  0.091340
9.467784  0.082548
9.509492  0.065895
9.551201  0.039330
9.592909  0.005687
9.634617  -0.028918
9.676326  -0.057998
9.718034  -0.078063
9.759742  -0.089988
9.801451  -0.096092
9.843159  -0.098839
9.884867  -0.099221
9.926575  -0.098606
9.968284  -0.097579
10.009992  -0.096534
10.051700  -0.095892
10.093409  -0.097148
10.135117  -0.101805
10.176825  -0.110319
10.218534  -0.121702
10.260242  -0.133003
10.301950  -0.141116
10.343658  -0.145257
10.385367  -0.148085
10.427075  -0.152660
10.468783  -0.160223
10.510492  -0.169164
10.552200  -0.176065
10.593908  -0.177140
10.635617  -0.175983
10.677325  -0.180885
10.719033  -0.196315
10.760741  -0.214294
10.802450  -0.215883
10.844158  -0.187443
10.885866  -0.132586
10.927575  -0.070149
10.969283  -0.015633
11.010991  0.028996
11.052700  0.069121
11.094408  0.104455
11.136116  0.132094
11.177824  0.151416
11.219533  0.164423
11.261241  0.174086
11.302949  0.181285
11.344658  0.185944
11.386366  0.187032
11.428074  0.184784
11.469783  0.181350
11.511491  0.179409
11.553199  0.180234
11.594907  0.182372
11.636616  0.182606
11.678324  0.179108
11.720032  0.172999
11.761741  0.166741
11.803449  0.161966
11.845157  0.158882
11.886866  0.156708
11.928574  0.154396
11.970282  0.151220
12.011990  0.147077
12.053699  0.142230
12.095407  0.137249
12.137115  0.132916
12.178824  0.129571
12.220532  0.127403
12.262240  0.125178
12.303949  0.120872
12.345657  0.112627
12.387365  0.099765
12.429073  0.083107
12.470782  0.063298
12.512490  0.039393
12.554198  0.010301
12.595907  -0.022612
12.637615  -0.056954
12.679323  -0.089946
12.721032  -0.120398
12.762740  -0.147409
12.804448  -0.170166
12.846156  -0.188681
12.887865  -0.203544
12.929573  -0.215951
12.971281  -0.228237
13.012990  -0.242632
13.054698  -0.260505
13.096406  -0.283912
13.138115  -0.311588
13.179823  -0.339887
13.221531  -0.364757
13.263239  -0.385031
13.304948  -0.399473
13.346656  -0.403755
13.388364  -0.392075
13.430073  -0.363964
13.471781  -0.325897
13.513489  -0.285981
13.555198  -0.249673
13.596906  -0.215319
13.638614  -0.176438
13.680322  -0.123799
13.722031  -0.054118
13.763739  0.023841
13.805447  0.093229
13.847156  0.142117
13.888864  0.171102
13.930572  0.187982
13.972281  0.199371
14.013989  0.207694
14.055697  0.213974
14.097405  0.218485
14.139114  0.221361
14.180822  0.222895
14.222530  0.223824
14.264239  0.225876
14.305947  0.229097
14.347655  0.231814
14.389364  0.232240
14.431072  0.230463
14.472780  0.228262
14.514488  0.227484
14.556197  0.228443
14.597905  0.230204
14.639613  0.231171
14.681322  0.229704
14.723030  0.225620
14.764738  0.220222
14.806447  0.215264
14.848155  0.211211
14.889863  0.206823
14.931571  0.200199
14.973280  0.190522
15.014988  0.178538
15.056696  0.165549
15.098405  0.150859
15.140113  0.131306
15.181821  0.102135
15.223530  0.059499
15.265238  0.004244
15.306946  -0.055353
15.348654  -0.107303
15.390363  -0.144310
15.432071  -0.168249
15.473779  -0.186484
15.515488  -0.205566
15.557196  -0.230536
15.598904  -0.261979
15.640613  -0.295616
15.682321  -0.326224
15.724029  -0.351983
15.765737  -0.373144
15.807446  -0.389342
15.849154  -0.400086
15.890862  -0.407085
15.932571  -0.413393
15.974279  -0.419976
16.015987  -0.426486
16.057696  -0.431721
16.099404  -0.434986
16.141112  -0.436493
16.182820  -0.436760
16.224529  -0.436098
16.266237  -0.435088
16.307945  -0.432305
16.349654  -0.422216
16.391362  -0.393817
16.433070  -0.333326
16.474779  -0.234083
16.516487  -0.109795
16.558195  0.009707
16.599903  0.094576
16.641612  0.136246
16.683320  0.149236
16.725028  0.155095
16.766737  0.165966
16.808445  0.181414
16.850153  0.196565
16.891862  0.210307
16.933570  0.227563
16.975278  0.253063
17.016986  0.289573
17.058695  0.332874
17.100403  0.374681
17.142111  0.407226
17.183820  0.427792
17.225528  0.438475
17.267236  0.443163
17.308945  0.444985
17.350653  0.445504
17.392361  0.444792
17.434069  0.442167
17.475778  0.437964
17.517486  0.433625
17.559194  0.430263
17.600903  0.427164
17.642611  0.422432
17.684319  0.413505
17.726028  0.398040
17.767736  0.375754
17.809444  0.349129
17.851152  0.321939
17.892861  0.295360
17.934569  0.265731
17.976277  0.225109
18.017986  0.164830
18.059694  0.082820
18.101402  -0.012033
18.143111  -0.103836
18.184819  -0.181960
18.226527  -0.247101
18.268235  -0.305231
18.309944  -0.357135
18.351652  -0.398332
18.393360  -0.426640
18.435069  -0.445168
18.476777  -0.459699
18.518485  -0.473650
18.560194  -0.488740
18.601902  -0.505228
18.643610  -0.522989
18.685318  -0.542085
18.727027  -0.562023
18.768735  -0.581229
18.810443  -0.597024
18.852152  -0.607600
18.893860  -0.611244
18.935568  -0.607157
18.977277  -0.595026
19.018985  -0.576410
19.060693  -0.554091
19.102401  -0.530754
19.144110  -0.508938
19.185818  -0.489988
19.227526  -0.472942
19.269235  -0.453755
19.310943  -0.428027
19.352651  -0.390926
19.394360  -0.339514
19.436068  -0.271045
19.477776  -0.182463
19.519484  -0.075827
19.561193  0.036427
19.602901  0.138074
19.644609  0.219955
19.686318  0.287159
19.728026  0.350617
19.769734  0.416531
19.811443  0.484186
19.853151  0.547888
19.894859  0.601647
19.936567  0.643921
19.978276  0.679047
20.019984  0.711708
20.061692  0.743292
20.103401  0.769654
20.145109  0.787551
20.186817  0.796850
20.228526  0.799828
20.270234  0.798125
20.311942  0.792420
20.353650  0.783006
20.395359  0.769675
20.437067  0.751726
20.478775  0.726071
20.520484  0.690037
20.562192  0.643980
20.603900  0.591868
20.645609  0.538592
20.687317  0.485855
20.729025  0.429735
20.770733  0.360631
20.812442  0.265987
20.854150  0.142208
20.895858  0.004295
20.937567  -0.122924
20.979275  -0.222675
21.020983  -0.295656
21.062692  -0.353520
21.104400  -0.409184
21.146108  -0.472652
21.187816  -0.545685
21.229525  -0.620454
21.271233  -0.688584
21.312941  -0.748381
21.354650  -0.802335
21.396358  -0.850099
21.438066  -0.888001
21.479775  -0.914082
21.521483  -0.930986
21.563191  -0.943943
21.604899  -0.956309
21.646608  -0.967372
21.688316  -0.972674
21.730024  -0.968491
21.771733  -0.954379
21.813441  -0.933241
21.855149  -0.908937
21.896858  -0.883399
21.938566  -0.854110
21.980274  -0.814526
22.021982  -0.758841
22.063691  -0.686896
22.105399  -0.605400
22.147107  -0.522683
22.188816  -0.444588
22.230524  -0.370660
22.272232  -0.295610
22.313941  -0.210278
22.355649  -0.103547
22.397357  0.030203
22.439065  0.184259
22.480774  0.340212
22.522482  0.478175
22.564190  0.589029
22.605899  0.679661
22.647607  0.762769
22.689315  0.846592
22.731024  0.931688
22.772732  1.014548
22.814440  1.090038
22.856148  1.151379
22.897857  1.194173
22.939565  1.220117
22.981273  1.234416
23.022982  1.240752
23.064690  1.241588
23.106398  1.238011
23.148107  1.229571
23.189815  1.215421
23.231523  1.194860
23.273231  1.167609
23.314940  1.134654
23.356648  1.097864
23.398356  1.057551
23.440065  1.008704
23.481773  0.942647
23.523481  0.854076
23.565190  0.745054
23.606898  0.622071
23.648606  0.492146
23.690314  0.359116
23.732023  0.223043
23.773731  0.085999
23.815439  -0.044403
23.857148  -0.161662
23.898856  -0.270729
23.940564  -0.385788
23.982273  -0.515294
24.023981  -0.653121
24.065689  -0.787421
24.107397  -0.911229
24.149106  -1.023997
24.190814  -1.127987
24.232522  -1.222397
24.274231  -1.303596
24.315939  -1.367823
24.357647  -1.413463
24.399356  -1.442532
24.441064  -1.457569
24.482772  -1.459196
24.524480  -1.448146
24.566189  -1.428457
24.607897  -1.404060
24.649605  -1.377517
24.691314  -1.347723
24.733022  -1.313138
24.774730  -1.273464
24.816439  -1.226978
24.858147  -1.169444
24.899855  -1.095422
24.941563  -1.000730
24.983272  -0.884786
25.024980  -0.754117
25.066688  -0.618793
25.108397  -0.482703
25.150105  -0.336955
25.191813  -0.172821
25.233522  0.002082
25.275230  0.168291
25.316938  0.314612
25.358646  0.444246
25.400355  0.565307
25.442063  0.683899
25.483771  0.803821
25.525480  0.925490
25.567188  1.048006
25.608896  1.169463
25.650605  1.283463
25.692313  1.381040
25.734021  1.457189
25.775729  1.514066
25.817438  1.556087
25.859146  1.584933
25.900854  1.599106
25.942563  1.596897
25.984271  1.578220
26.025979  1.548633
26.067688  1.517836
26.109396  1.491678
26.151104  1.468081
26.192812  1.439259
26.234521  1.395609
26.276229  1.329192
26.317937  1.239615
26.359646  1.135664
26.401354  1.030054
26.443062  0.927154
26.484771  0.819574
26.526479  0.700482
26.568187  0.572338
26.609895  0.443207
26.651604  0.317102
26.693312  0.189867
26.735020  0.055562
26.776729  -0.086158
26.818437  -0.232908
26.860145  -0.385922
26.901854  -0.548485
26.943562  -0.720753
26.985270  -0.897014
27.026978  -1.069203
27.068687  -1.228187
27.110395  -1.363629
27.152103  -1.469010
27.193812  -1.544440
27.235520  -1.596549
27.277228  -1.634716
27.318937  -1.664028
27.360645  -1.681386
27.402353  -1.682009
27.444061  -1.667210
27.485770  -1.644636
27.527478  -1.622320
27.569186  -1.602593
27.610895  -1.583531
27.652603  -1.561185
27.694311  -1.529747
27.736020  -1.483212
27.777728  -1.415089
27.819436  -1.319310
27.861144  -1.195070
27.902853  -1.050344
27.944561  -0.900748
27.986269  -0.758588
28.027978  -0.622513
28.069686  -0.477629
28.111394  -0.307535
28.153103  -0.110488
28.194811  0.094477
28.236519  0.281998
28.278227  0.441999
28.319936  0.584205
28.361644  0.725920
28.403352  0.876163
28.445061  1.032630
28.486769  1.186278
28.528477  1.331386
28.570186  1.465894
28.611894  1.586441
28.653602  1.686260
28.695310  1.760246
28.737019  1.809875
28.778727  1.841334
28.820435  1.859414
28.862144  1.863657
28.903852  1.850162
28.945560  1.815023
28.987269  1.762744
29.028977  1.704259
29.070685  1.649863
29.112393  1.601133
29.154102  1.549453
29.195810  1.481721
29.237518  1.389692
29.279227  1.274422
29.320935  1.144151
29.362643  1.010282
29.404352  0.883697
29.446060  0.770728
29.487768  0.667369
29.529476  0.561355
29.571185  0.439013
29.612893  0.291668
29.654601  0.121195
29.696310  -0.057696
29.738018  -0.225384
29.779726  -0.372226
29.821435  -0.505349
29.863143  -0.639262
29.904851  -0.782444
29.946559  -0.934425
29.988268  -1.088880
30.029976  -1.241372
30.071684  -1.392002
30.113393  -1.537621
30.155101  -1.666471
30.196809  -1.765003
30.238518  -1.829763
30.280226  -1.868571
30.321934  -1.891210
30.363642  -1.901522
30.405351  -1.898753
30.447059  -1.880915
30.488767  -1.847258
30.530476  -1.796907
30.572184  -1.730757
30.613892  -1.652478
30.655601  -1.566376
30.697309  -1.474765
30.739017  -1.378550
30.780725  -1.279285
30.822434  -1.176652
30.864142  -1.066507
30.905850  -0.946184
30.947559  -0.822886
30.989267  -0.706187
31.030975  -0.596530
31.072684  -0.478717
31.114392  -0.328278
31.156100  -0.131714
31.197808  0.098515
31.239517  0.330783
31.281225  0.537593
31.322933  0.711195
31.364642  0.861981
31.406350  1.005128
31.448058  1.151799
31.489767  1.304347
31.531475  1.455569
31.573183  1.592765
31.614891  1.707902
31.656600  1.802259
31.698308  1.884724
31.740016  1.961594
31.781725  2.028832
31.823433  2.075619
31.865141  2.091238
31.906850  2.070786
31.948558  2.018968
31.990266  1.949949
32.031974  1.877209
32.073683  1.805001
32.115391  1.725079
32.157099  1.630336
32.198808  1.524102
32.240516  1.413911
32.282224  1.302320
32.323933  1.184855
32.365641  1.055590
32.407349  0.914941
32.449057  0.772605
32.490766  0.642891
32.532474  0.533959
32.574182  0.439991
32.615891  0.343555
32.657599  0.222553
32.699307  0.065291
32.741016  -0.117225
32.782724  -0.298447
32.824432  -0.460457
32.866140  -0.608828
32.907849  -0.761736
32.949557  -0.930186
32.991265  -1.110598
33.032974  -1.289381
33.074682  -1.450020
33.116390  -1.583149
33.158099  -1.687837
33.199807  -1.772164
33.241515  -1.846437
33.283223  -1.916419
33.324932  -1.979865
33.366640  -2.025708
33.408348  -2.040392
33.450057  -2.018046
33.491765  -1.967056
33.533473  -1.901131
33.575182  -1.830868
33.616890  -1.756782
33.658598  -1.674728
33.700306  -1.580936
33.742015  -1.478637
33.783723  -1.378244
33.825431  -1.288170
33.867140  -1.205367
33.908848  -1.118308
33.950556  -1.018830
33.992265  -0.902501
34.033973  -0.766851
34.075681  -0.607697
34.117389  -0.420411
34.159098  -0.206974
34.200806  0.020072
34.242514  0.242620
34.284223  0.448440
34.325931  0.638312
34.367639  0.820624
34.409348  1.002293
34.451056  1.184548
34.492764  1.363424
34.534472  1.529065
34.576181  1.673083
34.617889  1.791493
34.659597  1.888120
34.701306  1.971007
34.743014  2.047108
34.784722  2.117881
34.826431  2.178915
34.868139  2.223599
34.909847  2.244732
34.951555  2.237796
34.993264  2.196305
35.034972  2.120413
35.076680  2.019501
35.118389  1.907949
35.160097  1.794173
35.201805  1.677644
35.243514  1.554677
35.285222  1.424687
35.326930  1.291919
35.368638  1.161536
35.410347  1.037811
35.452055  0.920359
35.493763  0.806948
35.535472  0.697021
35.577180  0.592709
35.618888  0.494586
35.660597  0.392679
35.702305  0.268357
35.744013  0.111196
35.785721  -0.067683
35.827430  -0.245474
35.869138  -0.408296
35.910846  -0.557893
35.952555  -0.702940
35.994263  -0.849121
36.035971  -1.000794
36.077680  -1.162286
36.119388  -1.333268
36.161096  -1.508989
36.202804  -1.681680
36.244513  -1.839707
36.286221  -1.975302
36.327929  -2.087938
36.369638  -2.178314
36.411346  -2.239642
36.453054  -2.258402
36.494763  -2.227817
36.536471  -2.157596
36.578179  -2.067084
36.619887  -1.976991
36.661596  -1.902482
36.703304  -1.846503
36.745012  -1.801321
36.786721  -1.750792
36.828429  -1.678528
36.870137  -1.577442
36.911846  -1.448569
36.953554  -1.298295
36.995262  -1.140587
37.036970  -0.994370
37.078679  -0.873461
37.120387  -0.774983
37.162095  -0.681724
37.203804  -0.570375
37.245512  -0.418089
37.287220  -0.216701
37.328929  0.015058
37.370637  0.242001
37.412345  0.439077
37.454053  0.610903
37.495762  0.784768
37.537470  0.983667
37.579178  1.209998
37.620887  1.445057
37.662595  1.662595
37.704303  1.849885
37.746012  2.002777
37.787720  2.120833
37.829428  2.207832
37.871136  2.273293
37.912845  2.327417
37.954553  2.373945
37.996261  2.407200
38.037970  2.418354
38.079678  2.397081
38.121386  2.328946
38.163095  2.213211
38.204803  2.066847
38.246511  1.916493
38.288219  1.777592
38.329928  1.648505
38.371636  1.524557
38.413344  1.407812
38.455053  1.300354
38.496761  1.200084
38.538469  1.105301
38.580178  1.015243
38.621886  0.927445
38.663594  0.834489
38.705302  0.728512
38.747011  0.607995
38.788719  0.473850
38.830427  0.321722
38.872136  0.149128
38.913844  -0.034861
38.955552  -0.213762
38.997261  -0.378658
39.038969  -0.532447
39.080677  -0.680357
39.122385  -0.824578
39.164094  -0.968244
39.205802  -1.116742
39.247510  -1.274367
39.289219  -1.439552
39.330927  -1.607353
39.372635  -1.769781
39.414344  -1.922623
39.456052  -2.063037
39.497760  -2.189032
39.539468  -2.294935
39.581177  -2.371441
39.622885  -2.406649
39.664593  -2.390468
39.706302  -2.325396
39.748010  -2.225778
39.789718  -2.118984
39.831427  -2.026102
39.873135  -1.952218
39.914843  -1.882858
39.956551  -1.797896
39.998260  -1.684177
40.039968  -1.542027
40.081676  -1.383561
40.123385  -1.225728
40.165093  -1.085204
40.206801  -0.968989
40.248510  -0.874683
40.290218  -0.792364
40.331926  -0.707520
40.373634  -0.604414
40.415343  -0.470365
40.457051  -0.298464
40.498759  -0.092487
40.540468  0.129156
40.582176  0.343262
40.623884  0.539436
40.665593  0.723506
40.707301  0.907060
40.749009  1.096935
40.790717  1.295565
40.832426  1.500559
40.874134  1.702625
40.915842  1.890294
40.957551  2.053726
40.999259  2.184968
41.040967  2.281531
41.082676  2.352101
41.124384  2.412493
41.166092  2.472966
41.207800  2.527388
41.249509  2.556746
41.291217  2.538969
41.332925  2.455110
41.374634  2.304908
41.416342  2.116473
41.458050  1.931463
41.499759  1.774411
41.541467  1.643935
41.583175  1.530061
41.624883  1.427032
41.666592  1.330533
41.708300  1.235544
41.750008  1.139590
41.791717  1.041611
41.833425  0.942435
41.875133  0.843841
41.916842  0.748068
41.958550  0.653670
42.000258  0.554671
42.041966  0.439939
42.083675  0.296345
42.125383  0.121220
42.167091  -0.072083
42.208800  -0.263886
42.250508  -0.442942
42.292216  -0.609162
42.333925  -0.767937
42.375633  -0.924736
42.417341  -1.083440
42.459049  -1.243862
42.500758  -1.401421
42.542466  -1.550572
42.584174  -1.689980
42.625883  -1.819853
42.667591  -1.940736
42.709299  -2.053110
42.751008  -2.154618
42.792716  -2.236855
42.834424  -2.290173
42.876132  -2.309504
42.917841  -2.296914
42.959549  -2.260612
43.001257  -2.211419
43.042966  -2.160932
43.084674  -2.111309
43.126382  -2.052033
43.168091  -1.967096
43.209799  -1.848157
43.251507  -1.700914
43.293215  -1.542858
43.334924  -1.392116
43.376632  -1.257290
43.418340  -1.137358
43.460049  -1.027661
43.501757  -0.924973
43.543465  -0.828159
43.585174  -0.735944
43.626882  -0.644437
43.668590  -0.544114
43.710298  -0.417124
43.752007  -0.244618
43.793715  -0.025513
43.835423  0.215559
43.877132  0.443305
43.918840  0.638209
43.960548  0.807319
44.002257  0.971699
44.043965  1.148503
44.085673  1.343619
44.127381  1.553071
44.169090  1.765336
44.210798  1.966080
44.252506  2.139791
44.294215  2.276268
44.335923  2.374881
44.377631  2.443488
44.419340  2.493141
44.461048  2.532228
44.502756  2.559225
44.544464  2.563191
44.586173  2.527512
44.627881  2.434787
44.669589  2.285620
44.711298  2.106302
44.753006  1.934754
44.794714  1.793093
44.836423  1.678193
44.878131  1.576702
44.919839  1.481508
44.961547  1.391775
45.003256  1.307636
45.044964  1.225713
45.086672  1.138220
45.128381  1.040148
45.170089  0.932650
45.211797  0.820944
45.253506  0.710028
45.295214  0.600797
45.336922  0.489148
45.378630  0.367595
45.420339  0.228924
45.462047  0.072143
45.503755  -0.096654
45.545464  -0.270256
45.587172  -0.446336
45.628880  -0.624830
45.670589  -0.804547
45.712297  -0.984308
45.754005  -1.163876
45.795713  -1.342967
45.837422  -1.518480
45.879130  -1.684943
45.920838  -1.835236
45.962547  -1.968300
46.004255  -2.089247
46.045963  -2.201826
46.087672  -2.302434
46.129380  -2.383875
46.171088  -2.439949
46.212796  -2.463383
46.254505  -2.445831
46.296213  -2.382448
46.337921  -2.282802
46.379630  -2.169526
46.421338  -2.067852
46.463046  -1.988800
46.504755  -1.924467
46.546463  -1.857204
46.588171  -1.772628
46.629879  -1.664070
46.671588  -1.529627
46.713296  -1.373759
46.755004  -1.210151
46.796713  -1.059836
46.838421  -0.936156
46.880129  -0.834216
46.921838  -0.737374
46.963546  -0.629779
47.005254  -0.498783
47.046962  -0.335045
47.088671  -0.140796
47.130379  0.063952
47.172087  0.251275
47.213796  0.407650
47.255504  0.543513
47.297212  0.681914
47.338921  0.839026
47.380629  1.016792
47.422337  1.208679
47.464045  1.407376
47.505754  1.607217
47.547462  1.799507
47.589170  1.974035
47.630879  2.121865
47.672587  2.238974
47.714295  2.325894
47.756004  2.386776
47.797712  2.427297
47.839420  2.451648
47.881128  2.458404
47.922837  2.438551
47.964545  2.382553
48.006253  2.287730
48.047962  2.166651
48.089670  2.040975
48.131378  1.927968
48.173087  1.831531
48.214795  1.744928
48.256503  1.660206
48.298211  1.572503
48.339920  1.478165
48.381628  1.375818
48.423336  1.270864
48.465045  1.171464
48.506753  1.081757
48.548461  0.997098
48.590170  0.907866
48.631878  0.807891
48.673586  0.696250
48.715294  0.573911
48.757003  0.439557
48.798711  0.288619
48.840419  0.119813
48.882128  -0.059218
48.923836  -0.237653
48.965544  -0.408052
49.007253  -0.568242
49.048961  -0.719326
49.090669  -0.864746
49.132377  -1.012126
49.174086  -1.170096
49.215794  -1.341063
49.257502  -1.517560
49.299211  -1.687323
49.340919  -1.838446
49.382627  -1.966530
49.424336  -2.072170
49.466044  -2.155969
49.507752  -2.217669
49.549460  -2.256952
49.591169  -2.275477
49.632877  -2.273570
49.674585  -2.250027
49.716294  -2.205628
49.758002  -2.148130
49.799710  -2.088221
49.841419  -2.034325
49.883127  -1.987452
49.924835  -1.939039
49.966543  -1.874099
50.008252  -1.781029
50.049960  -1.662527
50.091668  -1.531680
50.133377  -1.401248
50.175085  -1.277271
50.216793  -1.159793
50.258502  -1.046204
50.300210  -0.934296
50.341918  -0.821633
50.383626  -0.704316
50.425335  -0.578409
50.467043  -0.443779
50.508751  -0.304194
50.550460  -0.161300
50.592168  -0.012129
50.633876  0.143951
50.675585  0.303085
50.717293  0.464534
50.759001  0.631391
50.800709  0.805941
50.842418  0.986044
50.884126  1.171038
50.925834  1.367683
50.967543  1.578226
51.009251  1.789117
51.050959  1.975562
51.092668  2.119587
51.134376  2.219485
51.176084  2.286545
51.217792  2.332739
51.259501  2.368420
51.301209  2.398811
51.342917  2.421019
51.384626  2.425151
51.426334  2.396782
51.468042  2.331161
51.509751  2.236182
51.551459  2.126063
51.593167  2.011402
51.634875  1.898610
51.676584  1.790623
51.718292  1.687814
51.760000  1.586317
51.801709  1.480845
51.843417  1.371164
51.885125  1.262836
51.926834  1.165167
51.968542  1.081749
52.010250  1.005458
52.051958  0.924995
52.093667  0.835865
52.135375  0.740473
52.177083  0.638145
52.218792  0.523448
52.260500  0.390593
52.302208  0.236793
52.343917  0.065286
52.385625  -0.112959
52.427333  -0.282830
52.469041  -0.437239
52.510750  -0.583595
52.552458  -0.734841
52.594166  -0.898653
52.635875  -1.075357
52.677583  -1.257703
52.719291  -1.433901
52.761000  -1.595467
52.802708  -1.740450
52.844416  -1.869455
52.886124  -1.980685
52.927833  -2.070749
52.969541  -2.138181
53.011249  -2.184480
53.052958  -2.213704
53.094666  -2.230442
53.136374  -2.236954
53.178083  -2.231389
53.219791  -2.209120
53.261499  -2.166810
53.303207  -2.102271
53.344916  -2.017869
53.386624  -1.924225
53.428332  -1.833193
53.470041  -1.748782
53.511749  -1.666148
53.553457  -1.580276
53.595166  -1.489209
53.636874  -1.389820
53.678582  -1.279118
53.720290  -1.161588
53.761999  -1.048201
53.803707  -0.947409
53.845415  -0.859174
53.887124  -0.774929
53.928832  -0.684365
53.970540  -0.579903
54.012249  -0.456332
54.053957  -0.312491
54.095665  -0.154864
54.137373  0.003976
54.179082  0.154689
54.220790  0.298700
54.262498  0.445385
54.304207  0.604302
54.345915  0.783245
54.387623  0.986022
54.429332  1.208655
54.471040  1.440404
54.512748  1.664948
54.554456  1.867947
54.596165  2.039875
54.637873  2.178491
54.679581  2.286793
54.721290  2.369957
54.762998  2.432031
54.804706  2.476747
54.846415  2.504952
54.888123  2.512712
54.929831  2.492476
54.971539  2.432881
55.013248  2.333349
55.054956  2.209832
55.096664  2.086161
55.138373  1.977086
55.180081  1.881635
55.221789  1.790163
55.263498  1.696706
55.305206  1.603269
55.346914  1.516098
55.388622  1.436345
55.430331  1.355779
55.472039  1.266057
55.513747  1.165757
55.555456  1.058929
55.597164  0.951860
55.638872  0.850388
55.680581  0.756855
55.722289  0.667103
55.763997  0.570816
55.805705  0.456378
55.847414  0.313356
55.889122  0.137905
55.930830  -0.060907
55.972539  -0.263689
56.014247  -0.453270
56.055955  -0.628424
56.097664  -0.801309
56.139372  -0.979326
56.181080  -1.157987
56.222788  -1.329017
56.264497  -1.487770
56.306205  -1.634367
56.347913  -1.767893
56.389622  -1.884926
56.431330  -1.986193
56.473038  -2.076949
56.514747  -2.165638
56.556455  -2.256140
56.598163  -2.341743
56.639871  -2.408606
56.681580  -2.444000
56.723288  -2.442352
56.764996  -2.400069
56.806705  -2.315362
56.848413  -2.195374
56.890121  -2.061597
56.931830  -1.936798
56.973538  -1.834447
57.015246  -1.757053
57.056954  -1.699923
57.098663  -1.652832
57.140371  -1.600131
57.182079  -1.530592
57.223788  -1.441938
57.265496  -1.338083
57.307204  -1.222808
57.348913  -1.098961
57.390621  -0.970765
57.432329  -0.841304
57.474037  -0.708535
57.515746  -0.569621
57.557454  -0.428523
57.599162  -0.291628
57.640871  -0.158307
57.682579  -0.024056
57.724287  0.112265
57.765996  0.248720
57.807704  0.385008
57.849412  0.525554
57.891120  0.680141
57.932829  0.858275
57.974537  1.061107
58.016245  1.278971
58.057954  1.496265
58.099662  1.699419
58.141370  1.875744
58.183079  2.017711
58.224787  2.126509
58.266495  2.211024
58.308203  2.280520
58.349912  2.340549
58.391620  2.390729
58.433328  2.425872
58.475037  2.441002
58.516745  2.428990
58.558453  2.386847
58.600162  2.315590
58.641870  2.222860
58.683578  2.119944
58.725286  2.018074
58.766995  1.922849
58.808703  1.833047
58.850411  1.744984
58.892120  1.657306
58.933828  1.573107
58.975536  1.492924
59.017245  1.414726
59.058953  1.333542
59.100661  1.244407
59.142369  1.147242
59.184078  1.046087
59.225786  0.943456
59.267494  0.838876
59.309203  0.733200
59.350911  0.630446
59.392619  0.531838
59.434328  0.427105
59.476036  0.294504
59.517744  0.118493
59.559452  -0.095819
59.601161  -0.327755
59.642869  -0.556381
59.684577  -0.767519
59.726286  -0.952141
59.767994  -1.107791
59.809702  -1.243042
59.851411  -1.373894
59.893119  -1.510410
59.934827  -1.651686
59.976535  -1.789209
60.018244  -1.915279
60.059952  -2.028539
60.101660  -2.130611
60.143369  -2.221978
60.185077  -2.300169
60.226785  -2.360674
60.268494  -2.400176
60.310202  -2.417945
60.351910  -2.413983
60.393618  -2.384282
60.435327  -2.320943
60.477035  -2.220977
60.518743  -2.095121
60.560452  -1.962933
60.602160  -1.842116
60.643868  -1.742818
60.685577  -1.666603
60.727285  -1.606252
60.768993  -1.546385
60.810701  -1.472056
60.852410  -1.375225
60.894118  -1.255790
60.935826  -1.121524
60.977535  -0.987432
61.019243  -0.868797
61.060951  -0.771872
61.102660  -0.689743
61.144368  -0.607971
61.186076  -0.514512
61.227784  -0.404935
61.269493  -0.280944
61.311201  -0.143965
61.352909  0.006764
61.394618  0.169199
61.436326  0.334457
61.478034  0.494957
61.519743  0.655484
61.561451  0.830705
61.603159  1.030122
61.644867  1.248832
61.686576  1.471046
61.728284  1.680809
61.769992  1.867046
61.811701  2.021560
61.853409  2.141845
61.895117  2.234446
61.936826  2.309896
61.978534  2.375013
62.020242  2.430027
62.061950  2.470094
62.103659  2.489938
62.145367  2.478926
62.187075  2.429530
62.228784  2.344356
62.270492  2.235789
62.312200  2.119977
62.353909  2.011349
62.395617  1.917903
62.437325  1.839419
62.479033  1.768028
62.520742  1.693838
62.562450  1.614524
62.604158  1.530832
62.645867  1.444439
62.687575  1.356185
62.729283  1.268061
62.770992  1.181999
62.812700  1.098645
62.854408  1.019813
62.896116  0.949149
62.937825  0.886400
62.979533  0.820869
63.021241  0.733053
63.062950  0.602727
63.104658  0.418767
63.146366  0.186736
63.188075  -0.069823
63.229783  -0.322801
63.271491  -0.559020
63.313199  -0.779143
63.354908  -0.980314
63.396616  -1.149469
63.438324  -1.280569
63.480033  -1.388208
63.521741  -1.496111
63.563449  -1.616562
63.605158  -1.744190
63.646866  -1.865256
63.688574  -1.970273
63.730282  -2.061543
63.771991  -2.146701
63.813699  -2.229748
63.855407  -2.305656
63.897116  -2.365018
63.938824  -2.399416
63.980532  -2.404824
64.022241  -2.382337
64.063949  -2.335793
64.105657  -2.268417
64.147365  -2.182339
64.189074  -2.084050
64.230782  -1.978926
64.272490  -1.871042
64.314199  -1.762177
64.355907  -1.656087
64.397615  -1.558770
64.439324  -1.475815
64.481032  -1.408151
64.522740  -1.349948
64.564448  -1.291267
64.606157  -1.223726
64.647865  -1.144118
64.689573  -1.047563
64.731282  -0.930815
64.772990  -0.798295
64.814698  -0.662410
64.856407  -0.533349
64.898115  -0.410415
64.939823  -0.284613
64.981531  -0.147357
65.023240  0.003833
65.064948  0.162142
65.106656  0.317863
65.148365  0.468182
65.190073  0.620034
65.231781  0.782872
65.273490  0.961582
65.315198  1.156739
65.356906  1.362572
65.398614  1.565355
65.440323  1.747264
65.482031  1.895196
65.523739  2.006028
65.565448  2.088548
65.607156  2.161919
65.648864  2.241944
65.690573  2.329936
65.732281  2.411462
65.773989  2.467357
65.815697  2.486838
65.857406  2.468534
65.899114  2.418456
65.940822  2.345366
65.982531  2.256494
66.024239  2.154315
66.065947  2.040774
66.107656  1.920326
66.149364  1.803510
66.191072  1.701541
66.232780  1.615463
66.274489  1.540770
66.316197  1.474190
66.357905  1.417284
66.399614  1.371725
66.441322  1.330086
66.483030  1.281200
66.524739  1.216513
66.566447  1.133629
66.608155  1.034330
66.649863  0.921475
66.691572  0.794798
66.733280  0.652642
66.774988  0.498817
66.816697  0.343246
66.858405  0.192056
66.900113  0.038014
66.941822  -0.134779
66.983530  -0.343641
67.025238  -0.592796
67.066946  -0.865002
67.108655  -1.129025
67.150363  -1.362099
67.192071  -1.557654
67.233780  -1.716836
67.275488  -1.841025
67.317196  -1.937611
67.358905  -2.018097
67.400613  -2.090057
67.442321  -2.156993
67.484029  -2.221257
67.525738  -2.286292
67.567446  -2.356115
67.609154  -2.431062
67.650863  -2.502691
67.692571  -2.555774
67.734279  -2.575246
67.775987  -2.554653
67.817696  -2.491134
67.859404  -2.383337
67.901112  -2.238514
67.942821  -2.080022
67.984529  -1.931981
68.026237  -1.806608
68.067946  -1.701157
68.109654  -1.610328
68.151362  -1.532432
68.193071  -1.465031
68.234779  -1.404063
68.276487  -1.342288
68.318195  -1.274030
68.359904  -1.197196
68.401612  -1.113403
68.443320  -1.020859
68.485029  -0.914082
68.526737  -0.788678
68.568445  -0.647940
68.610154  -0.501110
68.651862  -0.356930
68.693570  -0.218342
68.735278  -0.083135
68.776987  0.051422
68.818695  0.186142
68.860403  0.319369
68.902112  0.449576
68.943820  0.582627
68.985528  0.732604
69.027237  0.913802
69.068945  1.128359
69.110653  1.358586
69.152361  1.578217
69.194070  1.767319
69.235778  1.918047
69.277486  2.035704
69.319195  2.135325
69.360903  2.232504
69.402611  2.330616
69.444320  2.419359
69.486028  2.486287
69.527736  2.528038
69.569444  2.544313
69.611153  2.533781
69.652861  2.492060
69.694569  2.413033
69.736278  2.297395
69.777986  2.159561
69.819694  2.022361
69.861403  1.902370
69.903111  1.803390
69.944819  1.719914
69.986527  1.645983
70.028236  1.575986
70.069944  1.506430
70.111652  1.436078
70.153361  1.367032
70.195069  1.302203
70.236777  1.241365
70.278486  1.179308
70.320194  1.109996
70.361902  1.029499
70.403610  0.933111
70.445319  0.816526
70.487027  0.680717
70.528735  0.531636
70.570444  0.373714
70.612152  0.211059
70.653860  0.049447
70.695569  -0.108219
70.737277  -0.271154
70.778985  -0.461397
70.820693  -0.695367
70.862402  -0.963475
70.904110  -1.231265
70.945818  -1.462761
70.987527  -1.640761
71.029235  -1.769343
71.070943  -1.863927
71.112652  -1.944379
71.154360  -2.028287
71.196068  -2.122759
71.237776  -2.224273
71.279485  -2.323139
71.321193  -2.412322
71.362901  -2.488533
71.404610  -2.549093
71.446318  -2.589079
71.488026  -2.601961
71.529735  -2.582762
71.571443  -2.524990
71.613151  -2.424859
71.654859  -2.289578
71.696568  -2.141808
71.738276  -2.002442
71.779984  -1.880532
71.821693  -1.772671
71.863401  -1.672104
71.905109  -1.577369
71.946818  -1.491017
71.988526  -1.416252
72.030234  -1.349784
72.071942  -1.283987
72.113651  -1.212332
72.155359  -1.133026
72.197067  -1.041597
72.238776  -0.932514
72.280484  -0.807625
72.322192  -0.680144
72.363900  -0.565747
72.405609  -0.467223
72.447317  -0.369487
72.489025  -0.251220
72.530734  -0.102308
72.572442  0.067067
72.614150  0.235164
72.655859  0.387421
72.697567  0.527269
72.739275  0.670974
72.780984  0.833219
72.822692  1.017700
72.864400  1.218377
72.906108  1.427190
72.947817  1.633749
72.989525  1.823365
73.031233  1.978732
73.072942  2.091997
73.114650  2.173122
73.156358  2.244386
73.198067  2.321565
73.239775  2.402900
73.281483  2.474287
73.323191  2.520877
73.364900  2.534465
73.406608  2.511803
73.448316  2.457043
73.490025  2.378221
73.531733  2.280392
73.573441  2.163299
73.615150  2.032335
73.656858  1.902582
73.698566  1.790148
73.740274  1.699320
73.781983  1.624402
73.823691  1.558984
73.865399  1.499020
73.907108  1.442198
73.948816  1.387940
73.990524  1.335645
74.032233  1.279714
74.073941  1.212086
74.115649  1.128920
74.157357  1.031381
74.199066  0.921083
74.240774  0.800162
74.282482  0.672406
74.324191  0.543224
74.365899  0.416882
74.407607  0.293590
74.449316  0.168353
74.491024  0.032773
74.532732  -0.120376
74.574440  -0.293249
74.616149  -0.488317
74.657857  -0.713369
74.699565  -0.970671
74.741274  -1.245522
74.782982  -1.511999
74.824690  -1.749964
74.866399  -1.949321
74.908107  -2.105927
74.949815  -2.219623
74.991523  -2.298474
75.033232  -2.356578
75.074940  -2.406929
75.116648  -2.462023
75.158357  -2.533765
75.200065  -2.624967
75.241773  -2.722409
75.283482  -2.801434
75.325190  -2.838741
75.366898  -2.818999
75.408606  -2.729810
75.450315  -2.568591
75.492023  -2.357779
75.533731  -2.141837
75.575440  -1.959256
75.617148  -1.824559
75.658856  -1.729125
75.700565  -1.657641
75.742273  -1.596931
75.783981  -1.537793
75.825689  -1.473271
75.867398  -1.396096
75.909106  -1.302094
75.950814  -1.193997
75.992523  -1.081421
76.034231  -0.974010
76.075939  -0.878239
76.117648  -0.792803
76.159356  -0.708273
76.201064  -0.614520
76.242772  -0.508330
76.284481  -0.393052
76.326189  -0.270944
76.367897  -0.139568
76.409606  0.002947
76.451314  0.154393
76.493022  0.308238
76.534731  0.457889
76.576439  0.605200
76.618147  0.760666
76.659855  0.933461
76.701564  1.125704
76.743272  1.332556
76.784980  1.543811
76.826689  1.745273
76.868397  1.921677
76.910105  2.063267
76.951814  2.171620
76.993522  2.259435
77.035230  2.343671
77.076938  2.430492
77.118647  2.512442
77.160355  2.578703
77.202063  2.623738
77.243772  2.642861
77.285480  2.630094
77.327188  2.578867
77.368897  2.482817
77.410605  2.346228
77.452313  2.190345
77.494021  2.046987
77.535730  1.935730
77.577438  1.854062
77.619146  1.784901
77.660855  1.712314
77.702563  1.628475
77.744271  1.535952
77.785980  1.443669
77.827688  1.356365
77.869396  1.272703
77.911104  1.186663
77.952813  1.092284
77.994521  0.987397
78.036229  0.876492
78.077938  0.768381
78.119646  0.670327
78.161354  0.584245
78.203063  0.503431
78.244771  0.413464
78.286479  0.297390
78.328187  0.143508
78.369896  -0.045256
78.411604  -0.250932
78.453312  -0.450793
78.495021  -0.637264
78.536729  -0.828323
78.578437  -1.047418
78.620146  -1.294388
78.661854  -1.543178
78.703562  -1.764533
78.745270  -1.942661
78.786979  -2.075270
78.828687  -2.169502
78.870395  -2.241031
78.912104  -2.310527
78.953812  -2.390079
78.995520  -2.479596
79.037229  -2.571653
79.078937  -2.657591
79.120645  -2.728751
79.162353  -2.774548
79.204062  -2.784833
79.245770  -2.747339
79.287478  -2.649763
79.329187  -2.491314
79.370895  -2.295202
79.412603  -2.101106
79.454312  -1.939602
79.496020  -1.819427
79.537728  -1.731435
79.579436  -1.662628
79.621145  -1.602209
79.662853  -1.542866
79.704561  -1.477283
79.746270  -1.399635
79.787978  -1.312899
79.829686  -1.226412
79.871395  -1.146908
79.913103  -1.070075
79.954811  -0.985219
79.996519  -0.886019
80.038228  -0.777252
80.079936  -0.672175
80.121644  -0.581494
80.163353  -0.503183
80.205061  -0.423979
80.246769  -0.326414
80.288478  -0.196225
80.330186  -0.029269
80.371894  0.162709
80.413602  0.356903
80.455311  0.533584
80.497019  0.687739
80.538727  0.827521
80.580436  0.967629
80.622144  1.126274
80.663852  1.317452
80.705561  1.537125
80.747269  1.758243
80.788977  1.949604
80.830685  2.094547
80.872394  2.196202
80.914102  2.270933
80.955810  2.338874
80.997519  2.410943
81.039227  2.481554
81.080935  2.536518
81.122644  2.567513
81.164352  2.575761
81.206060  2.562136
81.247768  2.526170
81.289477  2.464015
81.331185  2.369074
81.372893  2.239942
81.414602  2.090073
81.456310  1.944262
81.498018  1.823582
81.539727  1.733798
81.581435  1.667462
81.623143  1.614619
81.664851  1.568740
81.706560  1.527487
81.748268  1.487069
81.789976  1.434834
81.831685  1.352593
81.873393  1.231107
81.915101  1.081035
81.956810  0.926521
81.998518  0.786535
82.040226  0.664048
82.081934  0.550551
82.123643  0.437501
82.165351  0.321413
82.207059  0.199254
82.248768  0.068444
82.290476  -0.073113
82.332184  -0.229616
82.373893  -0.411733
82.415601  -0.628624
82.457309  -0.871083
82.499017  -1.111717
82.540726  -1.328880
82.582434  -1.516301
82.624142  -1.674156
82.665851  -1.802013
82.707559  -1.903368
82.749267  -1.991593
82.790976  -2.081233
82.832684  -2.182021
82.874392  -2.294760
82.916100  -2.413846
82.957809  -2.531052
82.999517  -2.639282
83.041225  -2.728367
83.082934  -2.787008
83.124642  -2.804623
83.166350  -2.774168
83.208059  -2.691658
83.249767  -2.567498
83.291475  -2.430103
83.333183  -2.326217
83.374892  -2.295458
83.416600  -2.341121
