# x,  y
32.000000  308.982440
33.000000  307.500000
34.000000  305.982440
35.000000  304.352692
36.000000  302.517560
37.000000  300.759496
38.000000  299.240504
39.000000  297.500000
40.000000  295.777056
41.000000  294.387811
42.000000  292.982440
43.000000  291.500000
44.000000  290.000000
45.000000  288.482440
46.000000  286.870252
47.000000  285.147308
48.000000  283.664867
49.000000  282.517560
50.000000  281.464881
51.000000  280.205385
52.000000  278.482440
53.000000  276.647308
54.000000  275.035119
55.000000  273.629748
56.000000  272.352692
57.000000  270.870252
58.000000  269.277056
59.000000  268.017560
60.000000  266.870252
61.000000  265.612189
62.000000  264.370252
63.000000  263.000000
64.000000  261.647308
65.000000  260.500000
66.000000  259.352692
67.000000  257.982440
68.000000  256.500000
69.000000  255.017560
70.000000  253.647308
71.000000  252.500000
72.000000  251.370252
73.000000  250.147308
74.000000  249.147308
75.000000  248.352692
76.000000  247.335133
77.000000  245.982440
78.000000  244.517560
79.000000  243.164867
80.000000  242.147308
81.000000  241.352692
82.000000  240.335133
83.000000  239.000000
84.000000  237.647308
85.000000  236.517560
86.000000  235.500000
87.000000  234.500000
88.000000  233.500000
89.000000  232.500000
90.000000  231.500000
91.000000  230.500000
92.000000  229.500000
93.000000  228.500000
94.000000  227.500000
95.000000  226.500000
96.000000  225.500000
97.000000  224.500000
98.000000  223.500000
99.000000  222.500000
100.000000  221.500000
101.000000  220.500000
102.000000  219.500000
103.000000  218.500000
104.000000  217.500000
105.000000  216.500000
106.000000  215.500000
107.000000  214.500000
108.000000  213.500000
109.000000  212.500000
110.000000  211.500000
111.000000  210.500000
112.000000  209.500000
113.000000  208.500000
114.000000  207.500000
115.000000  206.500000
116.000000  205.500000
117.000000  204.500000
118.000000  203.500000
119.000000  202.500000
120.000000  201.500000
121.000000  200.500000
122.000000  199.500000
123.000000  198.500000
124.000000  197.500000
125.000000  196.500000
126.000000  195.500000
127.000000  194.500000
128.000000  193.500000
129.000000  192.500000
130.000000  191.517560
131.000000  190.647308
132.000000  190.000000
133.000000  189.352692
134.000000  188.482440
135.000000  187.500000
136.000000  186.500000
137.000000  185.500000
138.000000  184.500000
139.000000  183.500000
140.000000  182.500000
141.000000  181.500000
142.000000  180.500000
143.000000  179.517560
144.000000  178.647308
145.000000  178.017560
146.000000  177.517560
147.000000  177.112189
148.000000  176.722944
149.000000  176.017560
173.000000  175.441923
174.000000  175.552679
175.000000  176.017560
176.000000  176.647308
177.000000  177.500000
178.000000  178.352692
179.000000  179.017560
180.000000  179.777056
181.000000  180.870252
182.000000  181.852692
183.000000  182.629748
184.000000  183.517560
185.000000  184.500000
186.000000  185.500000
187.000000  186.500000
188.000000  187.517560
189.000000  188.647308
190.000000  190.000000
191.000000  191.352692
192.000000  192.482440
193.000000  193.517560
194.000000  194.647308
195.000000  196.000000
196.000000  197.352692
197.000000  198.482440
198.000000  199.517560
199.000000  200.647308
200.000000  202.000000
201.000000  203.370252
202.000000  204.647308
203.000000  206.129748
204.000000  207.740504
205.000000  209.041951
206.000000  209.981007
207.000000  210.459483
208.000000  211.718979
209.000000  213.981007
210.000000  215.800014
211.000000  217.147308
212.000000  218.647308
213.000000  220.387811
214.000000  222.094629
215.000000  223.722944
216.000000  225.000000
217.000000  226.294615
218.000000  228.017560
219.000000  229.870252
220.000000  231.629748
221.000000  233.500000
222.000000  235.370252
223.000000  237.129748
224.000000  239.017560
225.000000  241.000000
226.000000  243.017560
227.000000  245.147308
228.000000  247.500000
229.000000  249.852692
230.000000  252.000000
231.000000  254.147308
232.000000  256.517560
233.000000  259.017560
234.000000  261.612189
235.000000  264.222944
236.000000  266.482440
237.000000  268.664867
238.000000  271.164867
239.000000  273.982440
240.000000  276.722944
241.000000  279.112189
242.000000  281.535119
243.000000  284.147308
244.000000  287.000000
245.000000  289.852692
246.000000  292.482440
247.000000  294.982440
248.000000  297.370252
249.000000  299.682427
250.000000  302.424364
251.000000  305.740504
252.000000  308.817573
253.000000  311.482440
254.000000  314.000000
255.000000  316.447321
256.000000  318.680993
257.000000  321.048714
258.000000  325.089231
259.000000  330.056643
260.000000  334.059510
261.000000  337.794615
262.000000  341.870252
263.000000  345.870252
264.000000  349.794615
265.000000  354.164867
266.000000  358.887811
267.000000  363.612189
