# x,  y
62.000000  385.870252
63.000000  380.629748
64.000000  375.500000
65.000000  370.335133
66.000000  364.870252
67.000000  359.277056
68.000000  354.052679
69.000000  349.147308
70.000000  344.482440
71.000000  339.705385
72.000000  334.482440
73.000000  329.164867
74.000000  324.164867
75.000000  319.500000
76.000000  314.870252
77.000000  310.164867
78.000000  305.794615
79.000000  301.870252
80.000000  297.852692
81.000000  293.647308
82.000000  289.699986
83.000000  286.294615
84.000000  283.352692
85.000000  280.205385
86.000000  276.612189
87.000000  273.052679
88.000000  269.777056
89.000000  266.887811
90.000000  263.982440
91.000000  261.017560
92.000000  258.164867
93.000000  255.647308
94.000000  253.370252
95.000000  250.982440
96.000000  248.500000
97.000000  246.000000
98.000000  243.517560
99.000000  241.147308
100.000000  239.017560
101.000000  237.000000
102.000000  235.000000
103.000000  233.000000
104.000000  231.000000
105.000000  229.017560
106.000000  227.147308
107.000000  225.500000
108.000000  223.870252
109.000000  222.112189
110.000000  220.370252
111.000000  218.500000
112.000000  216.629748
113.000000  214.887811
114.000000  213.129748
115.000000  211.517560
116.000000  209.947321
117.000000  208.075636
118.000000  205.682427
119.000000  203.736539
120.000000  202.905371
121.000000  202.187825
122.000000  200.982440
123.000000  199.629748
124.000000  198.370252
125.000000  196.982440
126.000000  195.500000
127.000000  194.017560
128.000000  192.647308
129.000000  191.500000
130.000000  190.352692
131.000000  189.000000
132.000000  187.647308
133.000000  186.517560
134.000000  185.500000
135.000000  184.482440
136.000000  183.352692
137.000000  182.000000
138.000000  180.647308
139.000000  179.517560
140.000000  178.517560
141.000000  177.647308
142.000000  177.017560
143.000000  176.500000
144.000000  176.000000
145.000000  175.535119
173.000000  175.294615
174.000000  175.535119
175.000000  176.000000
176.000000  176.517560
177.000000  177.164867
178.000000  178.147308
179.000000  179.352692
180.000000  180.335133
181.000000  181.017560
182.000000  181.777056
183.000000  182.887811
184.000000  184.000000
185.000000  185.129748
186.000000  186.370252
187.000000  187.482440
188.000000  188.500000
189.000000  189.500000
190.000000  190.517560
191.000000  191.629748
192.000000  192.870252
193.000000  194.000000
194.000000  195.129748
195.000000  196.387811
196.000000  197.629748
197.000000  199.017560
198.000000  200.500000
199.000000  202.000000
200.000000  203.517560
201.000000  205.129748
202.000000  206.852692
203.000000  208.352692
204.000000  209.647308
205.000000  211.164867
206.000000  213.000000
207.000000  214.852692
208.000000  216.517560
209.000000  218.277056
210.000000  220.352692
211.000000  222.205385
212.000000  223.647308
213.000000  225.329735
214.000000  227.664867
215.000000  230.352692
216.000000  232.852692
217.000000  235.164867
218.000000  237.777056
219.000000  240.740504
220.000000  243.500000
221.000000  246.312175
222.000000  249.682427
223.000000  253.535119
224.000000  257.612189
225.000000  261.670265
226.000000  265.005398
227.000000  267.317573
228.000000  269.340462
229.000000  272.767693
230.000000  278.993168
231.000000  286.068805
232.000000  293.315042
233.000000  301.798580
