# x,  y
28.000000  334.482440
29.000000  333.352692
30.000000  331.982440
31.000000  330.517560
32.000000  329.147308
33.000000  328.000000
34.000000  326.870252
35.000000  325.629748
36.000000  324.517560
37.000000  323.500000
38.000000  322.482440
39.000000  321.352692
40.000000  319.982440
41.000000  318.500000
42.000000  317.017560
43.000000  315.647308
44.000000  314.500000
45.000000  313.352692
46.000000  312.000000
47.000000  310.629748
48.000000  309.335133
49.000000  307.722944
50.000000  305.812175
51.000000  304.459483
52.000000  303.887811
53.000000  303.335133
54.000000  302.464881
55.000000  301.335133
56.000000  299.870252
57.000000  298.277056
58.000000  297.017560
59.000000  295.870252
60.000000  294.612189
61.000000  293.370252
62.000000  292.000000
63.000000  290.647308
64.000000  289.500000
65.000000  288.352692
66.000000  287.000000
67.000000  285.629748
68.000000  284.370252
69.000000  283.000000
70.000000  281.629748
71.000000  280.370252
72.000000  279.000000
73.000000  277.647308
74.000000  276.517560
75.000000  275.482440
76.000000  274.352692
77.000000  273.000000
78.000000  271.629748
79.000000  270.370252
80.000000  269.000000
81.000000  267.647308
82.000000  266.517560
83.000000  265.482440
84.000000  264.352692
85.000000  263.000000
86.000000  261.629748
87.000000  260.370252
88.000000  259.000000
89.000000  257.629748
90.000000  256.370252
91.000000  255.017560
92.000000  253.777056
93.000000  252.835133
94.000000  251.575636
95.000000  249.777056
96.000000  248.312175
97.000000  247.387811
98.000000  246.482440
99.000000  245.482440
100.000000  244.352692
101.000000  243.000000
102.000000  241.629748
103.000000  240.387811
104.000000  239.147308
105.000000  238.129748
106.000000  237.222944
107.000000  235.982440
108.000000  234.629748
109.000000  233.370252
110.000000  232.000000
111.000000  230.647308
112.000000  229.500000
113.000000  228.370252
114.000000  227.147308
115.000000  226.129748
116.000000  225.222944
117.000000  223.982440
118.000000  222.629748
119.000000  221.387811
120.000000  220.129748
121.000000  219.000000
122.000000  217.870252
123.000000  216.612189
124.000000  215.370252
125.000000  214.000000
126.000000  212.647308
127.000000  211.500000
128.000000  210.352692
129.000000  209.000000
130.000000  207.647308
131.000000  206.500000
132.000000  205.352692
133.000000  204.000000
134.000000  202.629748
135.000000  201.370252
136.000000  200.000000
137.000000  198.629748
138.000000  197.370252
139.000000  196.000000
140.000000  194.647308
141.000000  193.500000
142.000000  192.335133
143.000000  190.852692
144.000000  189.147308
145.000000  187.647308
146.000000  186.352692
147.000000  184.852692
148.000000  183.129748
149.000000  181.517560
150.000000  180.035119
151.000000  178.812175
152.000000  178.182427
153.000000  178.017560
154.000000  178.017560
160.000000  178.235105
161.000000  179.377015
162.000000  182.601392
163.000000  187.922930
164.000000  193.540517
165.000000  198.429762
166.000000  202.835133
167.000000  206.817573
168.000000  210.335133
169.000000  213.482440
170.000000  216.500000
171.000000  219.482440
172.000000  222.352692
173.000000  225.000000
174.000000  227.629748
175.000000  230.370252
176.000000  232.982440
177.000000  235.500000
178.000000  238.000000
179.000000  240.482440
180.000000  242.852692
181.000000  245.000000
182.000000  247.129748
183.000000  249.370252
184.000000  251.482440
185.000000  253.500000
186.000000  255.500000
187.000000  257.482440
188.000000  259.370252
189.000000  261.129748
190.000000  263.017560
191.000000  264.982440
192.000000  266.852692
193.000000  268.500000
194.000000  270.129748
195.000000  271.870252
196.000000  273.482440
197.000000  275.000000
198.000000  276.517560
199.000000  278.129748
200.000000  279.870252
201.000000  281.500000
202.000000  283.129748
203.000000  284.852692
204.000000  286.352692
205.000000  287.629748
206.000000  289.017560
207.000000  290.500000
208.000000  292.017560
209.000000  293.647308
210.000000  295.482440
211.000000  297.222944
212.000000  298.612189
213.000000  300.017560
214.000000  301.517560
215.000000  303.129748
216.000000  304.870252
217.000000  306.482440
218.000000  308.000000
219.000000  309.517560
220.000000  311.129748
221.000000  312.852692
222.000000  314.352692
223.000000  315.629748
224.000000  317.017560
225.000000  318.500000
226.000000  319.982440
227.000000  321.370252
228.000000  322.629748
229.000000  324.000000
230.000000  325.352692
231.000000  326.500000
232.000000  327.647308
233.000000  329.017560
234.000000  330.500000
235.000000  331.982440
236.000000  333.370252
237.000000  334.629748
238.000000  336.000000
239.000000  337.370252
240.000000  338.629748
241.000000  340.017560
242.000000  341.500000
243.000000  342.982440
244.000000  344.352692
245.000000  345.500000
246.000000  346.664867
247.000000  348.147308
248.000000  349.852692
249.000000  351.335133
250.000000  352.482440
251.000000  353.517560
252.000000  354.647308
253.000000  356.000000
254.000000  357.370252
255.000000  358.629748
256.000000  360.000000
257.000000  361.352692
258.000000  362.500000
259.000000  363.664867
260.000000  365.147308
261.000000  366.852692
262.000000  368.335133
263.000000  369.482440
264.000000  370.500000
265.000000  371.517560
266.000000  372.647308
267.000000  374.017560
268.000000  375.500000
269.000000  376.982440
