# x,  y
37.000000  365.610755
38.000000  361.241937
39.000000  357.017560
40.000000  352.870252
41.000000  348.489272
42.000000  343.426895
43.000000  337.271658
44.000000  332.473077
45.000000  329.921497
46.000000  327.264895
47.000000  323.947321
48.000000  320.240504
49.000000  316.259496
50.000000  312.535119
51.000000  308.982440
52.000000  305.352692
53.000000  301.517560
54.000000  297.794615
55.000000  294.517560
56.000000  291.370252
57.000000  288.129748
58.000000  285.017560
59.000000  282.035119
60.000000  279.277056
61.000000  276.870252
62.000000  274.352692
63.000000  271.629748
64.000000  269.017560
65.000000  266.517560
66.000000  264.129748
67.000000  261.870252
68.000000  259.500000
69.000000  257.147308
70.000000  255.017560
71.000000  253.000000
72.000000  251.017560
73.000000  249.147308
74.000000  247.500000
75.000000  245.852692
76.000000  243.982440
77.000000  242.017560
78.000000  240.147308
79.000000  238.517560
80.000000  237.000000
81.000000  235.482440
82.000000  233.870252
83.000000  232.147308
84.000000  230.647308
85.000000  229.370252
86.000000  228.000000
87.000000  226.629748
88.000000  225.370252
89.000000  224.000000
90.000000  222.647308
91.000000  221.500000
92.000000  220.352692
93.000000  219.000000
94.000000  217.629748
95.000000  216.370252
96.000000  215.000000
97.000000  213.647308
98.000000  212.517560
99.000000  211.500000
100.000000  210.500000
101.000000  209.482440
102.000000  208.352692
103.000000  207.000000
104.000000  205.647308
105.000000  204.517560
106.000000  203.500000
107.000000  202.500000
108.000000  201.500000
109.000000  200.500000
110.000000  199.500000
111.000000  198.500000
112.000000  197.500000
113.000000  196.482440
114.000000  195.370252
115.000000  194.147308
116.000000  193.147308
117.000000  192.370252
118.000000  191.482440
119.000000  190.500000
120.000000  189.500000
121.000000  188.500000
122.000000  187.500000
123.000000  186.500000
124.000000  185.500000
125.000000  184.500000
126.000000  183.517560
127.000000  182.647308
128.000000  182.000000
129.000000  181.352692
130.000000  180.500000
131.000000  179.647308
132.000000  179.000000
133.000000  178.352692
134.000000  177.500000
135.000000  176.647308
136.000000  176.017560
137.000000  175.517560
138.000000  175.164867
139.000000  175.164867
140.000000  175.500000
169.000000  175.870252
170.000000  176.129748
171.000000  176.517560
172.000000  177.017560
173.000000  177.647308
174.000000  178.517560
175.000000  179.500000
176.000000  180.500000
177.000000  181.500000
178.000000  182.500000
179.000000  183.517560
180.000000  184.647308
181.000000  185.982440
182.000000  187.205385
183.000000  188.000000
184.000000  188.794615
185.000000  190.017560
186.000000  191.352692
187.000000  192.482440
188.000000  193.500000
189.000000  194.517560
190.000000  195.647308
191.000000  197.000000
192.000000  198.352692
193.000000  199.482440
194.000000  200.517560
195.000000  201.629748
196.000000  202.870252
197.000000  204.000000
198.000000  205.129748
199.000000  206.370252
200.000000  207.500000
201.000000  208.647308
202.000000  210.000000
203.000000  211.352692
204.000000  212.500000
205.000000  213.647308
206.000000  215.000000
207.000000  216.352692
208.000000  217.482440
209.000000  218.517560
210.000000  219.647308
211.000000  221.000000
212.000000  222.352692
213.000000  223.500000
214.000000  224.647308
215.000000  226.000000
216.000000  227.352692
217.000000  228.500000
218.000000  229.647308
219.000000  231.000000
220.000000  232.370252
221.000000  233.629748
222.000000  235.017560
223.000000  236.517560
224.000000  238.129748
225.000000  239.870252
226.000000  241.500000
227.000000  243.129748
228.000000  244.870252
229.000000  246.482440
230.000000  248.000000
231.000000  249.535119
232.000000  251.277056
233.000000  253.370252
234.000000  255.352692
235.000000  257.112189
236.000000  258.870252
237.000000  260.500000
238.000000  262.129748
239.000000  263.870252
240.000000  265.517560
241.000000  267.294615
242.000000  269.517560
243.000000  271.852692
244.000000  273.982440
245.000000  276.000000
246.000000  277.982440
247.000000  279.870252
248.000000  281.664867
249.000000  283.777056
250.000000  286.258063
251.000000  288.612189
252.000000  291.000000
253.000000  293.387811
254.000000  295.724377
255.000000  298.040517
256.000000  299.663434
