# x,  y
19.000000  329.517560
20.000000  328.629748
21.000000  327.852692
22.000000  326.852692
23.000000  325.629748
24.000000  324.517560
25.000000  323.500000
26.000000  322.500000
27.000000  321.500000
28.000000  320.500000
29.000000  319.500000
30.000000  318.500000
31.000000  317.500000
32.000000  316.500000
33.000000  315.500000
34.000000  314.500000
35.000000  313.500000
36.000000  312.500000
37.000000  311.500000
38.000000  310.500000
39.000000  309.500000
40.000000  308.500000
41.000000  307.500000
42.000000  306.500000
43.000000  305.500000
44.000000  304.500000
45.000000  303.500000
46.000000  302.500000
47.000000  301.500000
48.000000  300.500000
49.000000  299.482440
50.000000  298.352692
51.000000  297.000000
52.000000  295.647308
53.000000  294.535119
54.000000  293.647308
55.000000  292.982440
56.000000  292.205385
57.000000  290.982440
58.000000  289.647308
59.000000  288.517560
60.000000  287.500000
61.000000  286.500000
62.000000  285.500000
63.000000  284.500000
64.000000  283.500000
65.000000  282.500000
66.000000  281.500000
67.000000  280.482440
68.000000  279.370252
69.000000  278.147308
70.000000  277.129748
71.000000  276.222944
72.000000  274.982440
73.000000  273.647308
74.000000  272.517560
75.000000  271.500000
76.000000  270.500000
77.000000  269.500000
78.000000  268.500000
79.000000  267.500000
80.000000  266.500000
81.000000  265.482440
82.000000  264.352692
83.000000  263.000000
84.000000  261.647308
85.000000  260.517560
86.000000  259.500000
87.000000  258.482440
88.000000  257.370252
89.000000  256.147308
90.000000  255.129748
91.000000  254.222944
92.000000  252.982440
93.000000  251.647308
94.000000  250.517560
95.000000  249.482440
96.000000  248.352692
97.000000  247.000000
98.000000  245.629748
99.000000  244.387811
100.000000  243.147308
101.000000  242.147308
102.000000  241.352692
103.000000  240.335133
104.000000  239.000000
105.000000  237.647308
106.000000  236.500000
107.000000  235.352692
108.000000  234.000000
109.000000  232.647308
110.000000  231.517560
111.000000  230.482440
112.000000  229.352692
113.000000  228.000000
114.000000  226.647308
115.000000  225.517560
116.000000  224.500000
117.000000  223.482440
118.000000  222.352692
119.000000  221.000000
120.000000  219.629748
121.000000  218.370252
122.000000  217.000000
123.000000  215.647308
124.000000  214.517560
125.000000  213.482440
126.000000  212.352692
127.000000  211.000000
128.000000  209.629748
129.000000  208.370252
130.000000  207.000000
131.000000  205.629748
132.000000  204.370252
133.000000  202.982440
134.000000  201.500000
135.000000  200.017560
136.000000  198.629748
137.000000  197.370252
138.000000  196.000000
139.000000  194.629748
140.000000  193.370252
141.000000  192.000000
142.000000  190.647308
143.000000  189.500000
144.000000  188.352692
145.000000  186.982440
146.000000  185.482440
147.000000  183.870252
148.000000  182.147308
149.000000  180.664867
150.000000  179.517560
151.000000  178.517560
152.000000  177.664867
153.000000  177.164867
154.000000  177.017560
171.000000  177.017560
172.000000  177.164867
173.000000  177.647308
174.000000  178.387811
175.000000  179.147308
176.000000  180.147308
177.000000  181.370252
178.000000  182.482440
179.000000  183.517560
180.000000  184.647308
181.000000  186.000000
182.000000  187.352692
183.000000  188.500000
184.000000  189.629748
185.000000  190.870252
186.000000  192.000000
187.000000  193.147308
188.000000  194.517560
189.000000  195.982440
190.000000  197.370252
191.000000  198.629748
192.000000  200.017560
193.000000  201.500000
194.000000  202.982440
195.000000  204.370252
196.000000  205.629748
197.000000  207.017560
198.000000  208.500000
199.000000  209.982440
200.000000  211.370252
201.000000  212.629748
202.000000  214.035119
203.000000  215.647308
204.000000  217.482440
205.000000  219.222944
206.000000  220.612189
207.000000  222.000000
208.000000  223.352692
209.000000  224.500000
210.000000  225.664867
211.000000  227.147308
212.000000  228.870252
213.000000  230.482440
214.000000  232.000000
215.000000  233.500000
216.000000  235.000000
217.000000  236.500000
218.000000  238.000000
219.000000  239.517560
220.000000  241.129748
221.000000  242.870252
222.000000  244.500000
223.000000  246.147308
224.000000  248.000000
225.000000  249.852692
226.000000  251.482440
227.000000  253.000000
228.000000  254.517560
229.000000  256.164867
230.000000  258.164867
231.000000  260.482440
232.000000  262.722944
233.000000  264.612189
234.000000  266.500000
235.000000  268.370252
236.000000  270.129748
237.000000  272.017560
238.000000  274.000000
239.000000  276.000000
240.000000  278.000000
241.000000  279.982440
242.000000  281.870252
243.000000  283.629748
244.000000  285.500000
245.000000  287.370252
246.000000  289.129748
247.000000  291.017560
248.000000  293.000000
249.000000  295.000000
250.000000  297.000000
251.000000  298.982440
252.000000  300.852692
253.000000  302.500000
254.000000  304.147308
255.000000  306.017560
256.000000  308.000000
257.000000  310.000000
258.000000  312.000000
259.000000  313.982440
260.000000  315.852692
261.000000  317.500000
262.000000  319.164867
263.000000  321.164867
264.000000  323.500000
265.000000  325.870252
266.000000  328.112189
267.000000  330.370252
268.000000  332.535119
269.000000  334.924364
270.000000  337.870252
271.000000  340.705385
272.000000  343.112189
273.000000  345.500000
274.000000  347.870252
275.000000  350.129748
276.000000  352.500000
277.000000  354.870252
278.000000  357.147308
