# x,  y
56.000000  374.075636
57.000000  367.129748
58.000000  360.312175
59.000000  354.035119
60.000000  348.000000
61.000000  341.982440
62.000000  335.852692
63.000000  329.517560
64.000000  323.312175
65.000000  317.664867
66.000000  312.387811
67.000000  307.164867
68.000000  302.294615
69.000000  297.905371
70.000000  293.629748
71.000000  289.517560
72.000000  285.517560
73.000000  281.629748
74.000000  277.905371
75.000000  274.294615
76.000000  271.164867
77.000000  268.387811
78.000000  265.629748
79.000000  262.982440
80.000000  260.222944
81.000000  257.147308
82.000000  254.312175
83.000000  252.035119
84.000000  249.982440
85.000000  247.852692
86.000000  245.500000
87.000000  243.147308
88.000000  241.017560
89.000000  239.000000
90.000000  237.017560
91.000000  235.147308
92.000000  233.500000
93.000000  231.870252
94.000000  230.129748
95.000000  228.500000
96.000000  226.852692
97.000000  225.000000
98.000000  223.164867
99.000000  221.647308
100.000000  220.352692
101.000000  218.852692
102.000000  217.129748
103.000000  215.517560
104.000000  214.000000
105.000000  212.500000
106.000000  211.017560
107.000000  209.647308
108.000000  208.500000
109.000000  207.352692
110.000000  206.000000
111.000000  204.629748
112.000000  203.370252
113.000000  202.000000
114.000000  200.629748
115.000000  199.370252
116.000000  198.000000
117.000000  196.647308
118.000000  195.500000
119.000000  194.352692
120.000000  193.000000
121.000000  191.647308
122.000000  190.517560
123.000000  189.500000
124.000000  188.500000
125.000000  187.500000
126.000000  186.500000
127.000000  185.500000
128.000000  184.500000
129.000000  183.500000
130.000000  182.500000
131.000000  181.500000
132.000000  180.517560
133.000000  179.647308
134.000000  179.000000
135.000000  178.352692
136.000000  177.500000
137.000000  176.647308
138.000000  176.017560
139.000000  175.535119
140.000000  175.294615
141.000000  175.517560
173.000000  175.852692
174.000000  176.000000
175.000000  176.164867
176.000000  176.664867
177.000000  177.517560
178.000000  178.482440
179.000000  179.370252
180.000000  180.129748
181.000000  181.000000
182.000000  181.870252
183.000000  182.629748
184.000000  183.517560
185.000000  184.500000
186.000000  185.500000
187.000000  186.500000
188.000000  187.500000
189.000000  188.500000
190.000000  189.500000
191.000000  190.482440
192.000000  191.370252
193.000000  192.147308
194.000000  193.147308
195.000000  194.387811
196.000000  195.629748
197.000000  197.000000
198.000000  198.352692
199.000000  199.500000
200.000000  200.647308
201.000000  202.000000
202.000000  203.370252
203.000000  204.612189
204.000000  205.870252
205.000000  207.000000
206.000000  208.129748
207.000000  209.387811
208.000000  210.629748
209.000000  212.000000
210.000000  213.370252
211.000000  214.629748
212.000000  216.017560
213.000000  217.500000
214.000000  219.000000
215.000000  220.500000
216.000000  222.017560
217.000000  223.664867
218.000000  225.664867
219.000000  228.000000
220.000000  230.352692
221.000000  232.500000
222.000000  234.629748
223.000000  236.887811
224.000000  239.147308
225.000000  241.664867
226.000000  244.517560
227.000000  247.500000
228.000000  250.517560
229.000000  253.647308
230.000000  257.017560
231.000000  260.500000
232.000000  263.929762
233.000000  267.051245
234.000000  270.231140
235.000000  275.531154
236.000000  282.444455
