# x,  y
29.000000  356.048714
30.000000  354.275623
31.000000  352.505398
32.000000  349.817573
33.000000  346.629748
34.000000  343.429762
35.000000  339.816140
36.000000  335.477042
37.000000  332.048714
38.000000  330.275623
39.000000  328.522958
40.000000  325.964881
41.000000  323.112189
42.000000  320.222944
43.000000  317.000000
44.000000  313.794615
45.000000  311.035119
46.000000  308.500000
47.000000  305.982440
48.000000  303.352692
49.000000  300.517560
50.000000  297.777056
51.000000  295.370252
52.000000  292.870252
53.000000  290.259496
54.000000  287.870252
55.000000  285.352692
56.000000  282.664867
57.000000  280.294615
58.000000  278.370252
59.000000  276.352692
60.000000  274.112189
61.000000  271.870252
62.000000  269.500000
63.000000  267.147308
64.000000  265.035119
65.000000  263.129748
66.000000  261.370252
67.000000  259.500000
68.000000  257.629748
69.000000  255.870252
70.000000  253.982440
71.000000  252.000000
72.000000  250.017560
73.000000  248.164867
74.000000  246.629748
75.000000  245.222944
76.000000  243.500000
77.000000  241.777056
78.000000  240.370252
79.000000  238.852692
80.000000  237.147308
81.000000  235.647308
82.000000  234.352692
83.000000  232.852692
84.000000  231.147308
85.000000  229.647308
86.000000  228.370252
87.000000  227.000000
88.000000  225.647308
89.000000  224.517560
90.000000  223.500000
91.000000  222.482440
92.000000  221.352692
93.000000  220.000000
94.000000  218.647308
95.000000  217.500000
96.000000  216.370252
97.000000  215.129748
98.000000  214.000000
99.000000  212.870252
100.000000  211.629748
101.000000  210.517560
102.000000  209.500000
103.000000  208.500000
104.000000  207.500000
105.000000  206.500000
106.000000  205.482440
107.000000  204.352692
108.000000  203.000000
109.000000  201.647308
110.000000  200.517560
111.000000  199.500000
112.000000  198.517560
113.000000  197.629748
114.000000  196.852692
115.000000  195.852692
116.000000  194.629748
117.000000  193.517560
118.000000  192.500000
119.000000  191.500000
120.000000  190.500000
121.000000  189.500000
122.000000  188.500000
123.000000  187.500000
124.000000  186.500000
125.000000  185.517560
126.000000  184.647308
127.000000  184.000000
128.000000  183.352692
129.000000  182.482440
130.000000  181.517560
131.000000  180.647308
132.000000  180.000000
133.000000  179.352692
134.000000  178.482440
135.000000  177.517560
136.000000  176.664867
137.000000  176.147308
138.000000  175.870252
139.000000  175.517560
140.000000  175.312175
141.000000  175.664867
169.000000  176.352692
170.000000  176.852692
171.000000  177.129748
172.000000  177.535119
173.000000  178.164867
174.000000  179.147308
175.000000  180.387811
176.000000  181.629748
177.000000  183.000000
178.000000  184.370252
179.000000  185.629748
180.000000  187.000000
181.000000  188.370252
182.000000  189.629748
183.000000  191.000000
184.000000  192.370252
185.000000  193.629748
186.000000  195.000000
187.000000  196.352692
188.000000  197.500000
189.000000  198.647308
190.000000  200.000000
191.000000  201.370252
192.000000  202.629748
193.000000  204.000000
194.000000  205.370252
195.000000  206.629748
196.000000  208.000000
197.000000  209.370252
198.000000  210.629748
199.000000  212.000000
200.000000  213.352692
201.000000  214.500000
202.000000  215.647308
203.000000  217.000000
204.000000  218.352692
205.000000  219.482440
206.000000  220.517560
207.000000  221.647308
208.000000  223.000000
209.000000  224.352692
210.000000  225.500000
211.000000  226.647308
212.000000  228.017560
213.000000  229.500000
214.000000  230.982440
215.000000  232.370252
216.000000  233.629748
217.000000  235.000000
218.000000  236.370252
219.000000  237.629748
220.000000  239.017560
221.000000  240.500000
222.000000  241.982440
223.000000  243.370252
224.000000  244.629748
225.000000  246.017560
226.000000  247.517560
227.000000  249.129748
228.000000  250.852692
229.000000  252.352692
230.000000  253.629748
231.000000  255.017560
232.000000  256.500000
233.000000  258.000000
234.000000  259.500000
235.000000  260.982440
236.000000  262.370252
237.000000  263.629748
238.000000  265.017560
239.000000  266.517560
240.000000  268.147308
241.000000  270.000000
242.000000  271.852692
243.000000  273.482440
244.000000  274.982440
245.000000  276.370252
246.000000  277.629748
247.000000  279.017560
248.000000  280.500000
249.000000  282.000000
250.000000  283.517560
251.000000  285.129748
252.000000  286.852692
253.000000  288.335133
254.000000  289.500000
255.000000  290.647308
256.000000  292.035119
257.000000  293.647308
258.000000  295.482440
259.000000  297.187825
260.000000  298.387811
261.000000  299.589231
262.000000  301.664867
263.000000  304.093196
264.000000  306.077070
265.000000  307.870252
266.000000  309.517560
