# x,  y
19.000000  352.500000
20.000000  351.500000
21.000000  350.517560
22.000000  349.647308
23.000000  348.982440
24.000000  348.222944
25.000000  347.129748
26.000000  346.147308
27.000000  345.370252
28.000000  344.482440
29.000000  343.482440
30.000000  342.370252
31.000000  341.147308
32.000000  340.147308
33.000000  339.370252
34.000000  338.482440
35.000000  337.500000
36.000000  336.500000
37.000000  335.500000
38.000000  334.500000
39.000000  333.500000
40.000000  332.500000
41.000000  331.500000
42.000000  330.500000
43.000000  329.500000
44.000000  328.500000
45.000000  327.500000
46.000000  326.500000
47.000000  325.500000
48.000000  324.500000
49.000000  323.500000
50.000000  322.500000
51.000000  321.500000
52.000000  320.500000
53.000000  319.500000
54.000000  318.500000
55.000000  317.500000
56.000000  316.500000
57.000000  315.500000
58.000000  314.500000
59.000000  313.500000
60.000000  312.500000
61.000000  311.500000
62.000000  310.500000
63.000000  309.500000
64.000000  308.500000
65.000000  307.500000
66.000000  306.500000
67.000000  305.500000
68.000000  304.517560
69.000000  303.629748
70.000000  302.852692
71.000000  301.852692
72.000000  300.629748
73.000000  299.517560
74.000000  298.500000
75.000000  297.500000
76.000000  296.500000
77.000000  295.500000
78.000000  294.500000
79.000000  293.500000
80.000000  292.482440
81.000000  291.352692
82.000000  290.000000
83.000000  288.647308
84.000000  287.517560
85.000000  286.500000
86.000000  285.500000
87.000000  284.500000
88.000000  283.482440
89.000000  282.352692
90.000000  281.000000
91.000000  279.647308
92.000000  278.500000
93.000000  277.352692
94.000000  276.000000
95.000000  274.647308
96.000000  273.517560
97.000000  272.482440
98.000000  271.352692
99.000000  270.000000
100.000000  268.647308
101.000000  267.500000
102.000000  266.352692
103.000000  265.000000
104.000000  263.647308
105.000000  262.500000
106.000000  261.335133
107.000000  259.852692
108.000000  258.147308
109.000000  256.664867
110.000000  255.500000
111.000000  254.352692
112.000000  252.982440
113.000000  251.500000
114.000000  250.017560
115.000000  248.629748
116.000000  247.370252
117.000000  245.982440
118.000000  244.500000
119.000000  243.000000
120.000000  241.500000
121.000000  240.017560
122.000000  238.629748
123.000000  237.352692
124.000000  235.835133
125.000000  234.000000
126.000000  232.147308
127.000000  230.517560
128.000000  229.000000
129.000000  227.500000
130.000000  226.000000
131.000000  224.482440
132.000000  222.852692
133.000000  221.000000
134.000000  219.147308
135.000000  217.500000
136.000000  215.870252
137.000000  214.129748
138.000000  212.500000
139.000000  210.852692
140.000000  208.982440
141.000000  207.017560
142.000000  205.147308
143.000000  203.500000
144.000000  201.852692
145.000000  199.982440
146.000000  198.000000
147.000000  196.000000
148.000000  194.000000
149.000000  191.982440
150.000000  189.852692
151.000000  187.482440
152.000000  185.000000
153.000000  182.535119
154.000000  180.329735
155.000000  178.829735
156.000000  178.052679
157.000000  177.664867
167.000000  177.664867
168.000000  178.035119
169.000000  178.664867
170.000000  179.664867
171.000000  181.017560
172.000000  182.500000
173.000000  183.982440
174.000000  185.387811
175.000000  186.777056
176.000000  188.517560
177.000000  190.352692
178.000000  191.982440
179.000000  193.500000
180.000000  195.000000
181.000000  196.517560
182.000000  198.129748
183.000000  199.870252
184.000000  201.464881
185.000000  202.852692
186.000000  204.017560
187.000000  205.294615
188.000000  207.017560
189.000000  208.852692
190.000000  210.482440
191.000000  211.982440
192.000000  213.370252
193.000000  214.629748
194.000000  216.017560
195.000000  217.500000
196.000000  219.000000
197.000000  220.517560
198.000000  222.129748
199.000000  223.852692
200.000000  225.352692
201.000000  226.647308
202.000000  228.147308
203.000000  229.852692
204.000000  231.352692
205.000000  232.612189
206.000000  233.870252
207.000000  235.017560
208.000000  236.294615
209.000000  238.017560
210.000000  239.835133
211.000000  241.352692
212.000000  242.612189
213.000000  243.870252
214.000000  245.017560
215.000000  246.294615
216.000000  248.017560
217.000000  249.852692
218.000000  251.500000
219.000000  253.129748
220.000000  254.870252
221.000000  256.500000
222.000000  258.129748
223.000000  259.870252
224.000000  261.482440
225.000000  263.000000
226.000000  264.517560
227.000000  266.147308
228.000000  268.000000
229.000000  269.835133
230.000000  271.370252
231.000000  272.777056
232.000000  274.500000
233.000000  276.205385
234.000000  277.482440
235.000000  278.647308
236.000000  280.017560
237.000000  281.517560
238.000000  283.147308
239.000000  285.000000
240.000000  286.852692
241.000000  288.500000
242.000000  290.129748
243.000000  291.870252
244.000000  293.500000
245.000000  295.129748
246.000000  296.852692
247.000000  298.352692
248.000000  299.647308
249.000000  301.147308
250.000000  302.870252
251.000000  304.482440
252.000000  306.000000
253.000000  307.482440
254.000000  308.852692
255.000000  310.017560
256.000000  311.277056
257.000000  312.887811
258.000000  314.482440
259.000000  316.017560
260.000000  317.664867
261.000000  319.629748
262.000000  321.722944
263.000000  323.482440
264.000000  325.129748
265.000000  326.870252
266.000000  328.500000
267.000000  330.147308
268.000000  332.000000
269.000000  333.852692
270.000000  335.464881
271.000000  336.835133
272.000000  337.905371
273.000000  339.054112
274.000000  340.922930
275.000000  343.035119
276.000000  345.371685
277.000000  347.910769
