# x,  y
0.000000  0.000000
0.015248  0.025184
0.030496  0.050332
0.045744  0.075411
0.060992  0.100385
0.076240  0.125220
0.091488  0.149883
0.106736  0.174341
0.121984  0.198562
0.137232  0.222516
0.152479  0.246172
0.167727  0.269504
0.182975  0.292483
0.198223  0.315084
0.213471  0.337284
0.228719  0.359060
0.243967  0.380392
0.259215  0.401261
0.274463  0.421650
0.289711  0.441542
0.304959  0.460926
0.320207  0.479788
0.335455  0.498118
0.350703  0.515908
0.365951  0.533151
0.381199  0.549841
0.396447  0.565975
0.411695  0.581550
0.426942  0.596566
0.442190  0.611023
0.457438  0.624923
0.472686  0.638268
0.487934  0.651062
0.503182  0.663311
0.518430  0.675021
0.533678  0.686198
0.548926  0.696850
0.564174  0.706986
0.579422  0.716615
0.594670  0.725747
0.609918  0.734390
0.625166  0.742558
0.640414  0.750259
0.655662  0.757506
0.670910  0.764311
0.686158  0.770684
0.701405  0.776638
0.716653  0.782186
0.731901  0.787339
0.747149  0.792109
0.762397  0.796509
0.777645  0.800550
0.792893  0.804246
0.808141  0.807607
0.823389  0.810645
0.838637  0.813373
0.853885  0.815801
0.869133  0.817941
0.884381  0.819804
0.899629  0.821400
0.914877  0.822741
0.930125  0.823837
0.945373  0.824698
0.960621  0.825333
0.975868  0.825753
0.991116  0.825967
1.006364  0.825983
1.021612  0.825811
1.036860  0.825459
1.052108  0.824935
1.067356  0.824248
1.082604  0.823405
1.097852  0.822413
1.113100  0.821280
1.128348  0.820014
1.143596  0.818619
1.158844  0.817104
1.174092  0.815474
1.189340  0.813735
1.204588  0.811894
1.219836  0.809955
1.235084  0.807924
1.250331  0.805806
1.265579  0.803606
1.280827  0.801329
1.296075  0.798980
1.311323  0.796562
1.326571  0.794080
1.341819  0.791537
1.357067  0.788939
1.372315  0.786288
1.387563  0.783587
1.402811  0.780841
1.418059  0.778053
1.433307  0.775224
1.448555  0.772360
1.463803  0.769461
1.479051  0.766532
1.494299  0.763574
1.509547  0.760590
