# x,  y
0.000000  0.000000
0.015248  0.026943
0.030496  0.053801
0.045744  0.080557
0.060992  0.107188
0.076240  0.133668
0.091488  0.159969
0.106736  0.186053
0.121984  0.211880
0.137232  0.237402
0.152479  0.262564
0.167727  0.287305
0.182975  0.311559
0.198223  0.335254
0.213471  0.358316
0.228719  0.380668
0.243967  0.402239
0.259215  0.422962
0.274463  0.442782
0.289711  0.461657
0.304959  0.479564
0.320207  0.496499
0.335455  0.512475
0.350703  0.527527
0.365951  0.541703
0.381199  0.555066
0.396447  0.567685
0.411695  0.579634
0.426942  0.590990
0.442190  0.601824
0.457438  0.612208
0.472686  0.622204
0.487934  0.631870
0.503182  0.641256
0.518430  0.650408
0.533678  0.659363
0.548926  0.668155
0.564174  0.676811
0.579422  0.685354
0.594670  0.693804
0.609918  0.702177
0.625166  0.710487
0.640414  0.718745
0.655662  0.726961
0.670910  0.735142
0.686158  0.743294
0.701405  0.751422
0.716653  0.759532
0.731901  0.767625
0.747149  0.775706
0.762397  0.783776
0.777645  0.791838
0.792893  0.799892
0.808141  0.807941
0.823389  0.815985
0.838637  0.824025
0.853885  0.832062
0.869133  0.840097
0.884381  0.848129
0.899629  0.856160
0.914877  0.864189
0.930125  0.872217
0.945373  0.880244
0.960621  0.888270
0.975868  0.896296
0.991116  0.904321
1.006364  0.912346
1.021612  0.920371
1.036860  0.928395
1.052108  0.936419
1.067356  0.944443
1.082604  0.952466
1.097852  0.960490
1.113100  0.968513
1.128348  0.976537
1.143596  0.984560
1.158844  0.992583
1.174092  1.000606
1.189340  1.008629
1.204588  1.016652
1.219836  1.024675
1.235084  1.032699
1.250331  1.040722
1.265579  1.048745
1.280827  1.056768
1.296075  1.064791
1.311323  1.072814
1.326571  1.080837
1.341819  1.088860
1.357067  1.096883
1.372315  1.104905
1.387563  1.112928
1.402811  1.120951
1.418059  1.128974
1.433307  1.136997
1.448555  1.145020
1.463803  1.153043
1.479051  1.161066
1.494299  1.169089
1.509547  1.177112
