# x,  y
0.000000  0.000000
0.015248  0.034278
0.030496  0.068508
0.045744  0.102643
0.060992  0.136635
0.076240  0.170438
0.091488  0.204007
0.106736  0.237297
0.121984  0.270265
0.137232  0.302869
0.152479  0.335068
0.167727  0.366824
0.182975  0.398101
0.198223  0.428865
0.213471  0.459081
0.228719  0.488721
0.243967  0.517756
0.259215  0.546161
0.274463  0.573912
0.289711  0.600988
0.304959  0.627371
0.320207  0.653044
0.335455  0.677994
0.350703  0.702208
0.365951  0.725677
0.381199  0.748395
0.396447  0.770355
0.411695  0.791555
0.426942  0.811993
0.442190  0.831670
0.457438  0.850589
0.472686  0.868753
0.487934  0.886168
0.503182  0.902840
0.518430  0.918778
0.533678  0.933992
0.548926  0.948491
0.564174  0.962287
0.579422  0.975393
0.594670  0.987822
0.609918  0.999587
0.625166  1.010703
0.640414  1.021186
0.655662  1.031050
0.670910  1.040312
0.686158  1.048987
0.701405  1.057091
0.716653  1.064642
0.731901  1.071656
0.747149  1.078148
0.762397  1.084137
0.777645  1.089638
0.792893  1.094668
0.808141  1.099242
0.823389  1.103378
0.838637  1.107090
0.853885  1.110395
0.869133  1.113308
0.884381  1.115844
0.899629  1.118017
0.914877  1.119842
0.930125  1.121334
0.945373  1.122505
0.960621  1.123370
0.975868  1.123942
0.991116  1.124232
1.006364  1.124254
1.021612  1.124020
1.036860  1.123541
1.052108  1.122828
1.067356  1.121893
1.082604  1.120745
1.097852  1.119396
1.113100  1.117854
1.128348  1.116130
1.143596  1.114232
1.158844  1.112169
1.174092  1.109951
1.189340  1.107584
1.204588  1.105078
1.219836  1.102439
1.235084  1.099674
1.250331  1.096792
1.265579  1.093798
1.280827  1.090698
1.296075  1.087500
1.311323  1.084209
1.326571  1.080831
1.341819  1.077370
1.357067  1.073833
1.372315  1.070225
1.387563  1.066549
1.402811  1.062812
1.418059  1.059016
1.433307  1.055167
1.448555  1.051268
1.463803  1.047322
1.479051  1.043335
1.494299  1.039309
1.509547  1.035247
