# x,  y
0.000000  0.000000
0.015248  0.017489
0.030496  0.034953
0.045744  0.052369
0.060992  0.069712
0.076240  0.086958
0.091488  0.104085
0.106736  0.121070
0.121984  0.137890
0.137232  0.154525
0.152479  0.170953
0.167727  0.187155
0.182975  0.203113
0.198223  0.218808
0.213471  0.234225
0.228719  0.249348
0.243967  0.264161
0.259215  0.278654
0.274463  0.292812
0.289711  0.306627
0.304959  0.320087
0.320207  0.333186
0.335455  0.345915
0.350703  0.358269
0.365951  0.370243
0.381199  0.381834
0.396447  0.393038
0.411695  0.403855
0.426942  0.414282
0.442190  0.424322
0.457438  0.433974
0.472686  0.443241
0.487934  0.452126
0.503182  0.460633
0.518430  0.468764
0.533678  0.476526
0.548926  0.483924
0.564174  0.490963
0.579422  0.497649
0.594670  0.503991
0.609918  0.509993
0.625166  0.515665
0.640414  0.521013
0.655662  0.526046
0.670910  0.530771
0.686158  0.535197
0.701405  0.539332
0.716653  0.543185
0.731901  0.546763
0.747149  0.550076
0.762397  0.553131
0.777645  0.555938
0.792893  0.558504
0.808141  0.560838
0.823389  0.562948
0.838637  0.564842
0.853885  0.566528
0.869133  0.568014
0.884381  0.569308
0.899629  0.570417
0.914877  0.571348
0.930125  0.572109
0.945373  0.572707
0.960621  0.573148
0.975868  0.573440
0.991116  0.573588
1.006364  0.573599
1.021612  0.573480
1.036860  0.573235
1.052108  0.572871
1.067356  0.572394
1.082604  0.571809
1.097852  0.571120
1.113100  0.570334
1.128348  0.569454
1.143596  0.568486
1.158844  0.567433
1.174092  0.566301
1.189340  0.565094
1.204588  0.563815
1.219836  0.562469
1.235084  0.561058
1.250331  0.559588
1.265579  0.558060
1.280827  0.556479
1.296075  0.554847
1.311323  0.553168
1.326571  0.551444
1.341819  0.549679
1.357067  0.547874
1.372315  0.546033
1.387563  0.544158
1.402811  0.542251
1.418059  0.540314
1.433307  0.538350
1.448555  0.536361
1.463803  0.534348
1.479051  0.532314
1.494299  0.530260
1.509547  0.528187
